528416229.184000
528416239.184000
528416249.184000
528416259.184000
528416269.184000
528416279.184000
528416289.184000
528416299.184000
528416309.184000
528416319.184000
528416329.184000
528416339.184000
528416349.184000
528416359.184000
528416369.184000
528416379.184000
528416389.184000
528416399.184000
528416409.184000
528416419.184000
528416429.184000
528416439.184000
528416449.184000
528416459.184000
528416469.184000
528416479.184000
528416489.184000
528416499.184000
528416509.184000
528416519.184000
528416529.184000
528416539.184000
528416549.184000
528416559.184000
528416569.184000
528416579.184000
528416589.184000
528416599.184000
528416609.184000
528416619.184000
528416629.184000
528416639.184000
528416649.184000
528416659.184000
528416669.184000
528416679.184000
528416689.184000
528416699.184000
528416709.184000
528416719.184000
528416729.184000
528416739.184000
528416749.184000
528416759.184000
528416769.184000
528416779.184000
528416789.184000
528416799.184000
528416809.184000
528416819.184000
528416829.184000
528416839.184000
528416849.184000
528416859.184000
528416869.184000
528416879.184000
528416889.184000
528416899.184000
528416909.184000
528416919.184000
528416929.184000
528416939.184000
528416949.184000
528416959.184000
528416969.184000
528416979.184000
528416989.184000
528416999.184000
528417009.184000
528417019.184000
528417029.184000
528417039.184000
528417049.184000
528417059.184000
528417069.184000
528417079.184000
528417089.184000
528417099.184000
528417109.184000
528417119.184000
528417129.184000
528417139.184000
528417149.184000
528417159.184000
528417169.184000
528417179.184000
528417189.184000
528417199.184000
528417209.184000
528417219.184000
528417229.184000
528417239.184000
528417249.184000
528417259.184000
528417269.184000
528417279.184000
528417289.184000
528417299.184000
528417309.184000
528417319.184000
528417329.184000
528417339.184000
528417349.184000
528417359.184000
528417369.184000
528417379.184000
528417389.184000
528417399.184000
528417409.184000
528417419.184000
528417429.184000
528417439.184000
528417449.184000
528417459.184000
528417469.184000
528417479.184000
528417489.184000
528417499.184000
528417509.184000
528417519.184000
528417529.184000
528417539.184000
528417549.184000
528417559.184000
528417569.184000
528417579.184000
528417589.184000
528417599.184000
528417609.184000
528417619.184000
528417629.184000
528417639.184000
528417649.184000
528417659.184000
528417669.184000
528417679.184000
528417689.184000
528417699.184000
528417709.184000
528417719.184000
528417729.184000
528417739.184000
528417749.184000
528417759.184000
528417769.184000
528417779.184000
528417789.184000
528417799.184000
528417809.184000
528417819.184000
528417829.184000
528417839.184000
528417849.184000
528417859.184000
528417869.184000
528417879.184000
528417889.184000
528417899.184000
528417909.184000
528417919.184000
528417929.184000
528417939.184000
528417949.184000
528417959.184000
528417969.184000
528417979.184000
528417989.184000
528417999.184000
528418009.184000
528418019.184000
528418029.184000
528418039.184000
528418049.184000
528418059.184000
528418069.184000
528418079.184000
528418089.184000
528418099.184000
528418109.184000
528418119.184000
528418129.184000
528418139.184000
528418149.184000
528418159.184000
528418169.184000
528418179.184000
528418189.184000
528418199.184000
528418209.184000
528418219.184000
528418229.184000
528418239.184000
528418249.184000
528418259.184000
528418269.184000
528418279.184000
528418289.184000
528418299.184000
528418309.184000
528418319.184000
528418329.184000
528418339.184000
528418349.184000
528418359.184000
528418369.184000
528418379.184000
528418389.184000
528418399.184000
528418409.184000
528418419.184000
528418429.184000
528418439.184000
528418449.184000
528418459.184000
528418469.184000
528418479.184000
528418489.184000
528418499.184000
528418509.184000
528418519.184000
528418529.184000
528418539.184000
528418549.184000
528418559.184000
528418569.184000
528418579.184000
528418589.184000
528418599.184000
528418609.184000
528418619.184000
528418629.184000
528418639.184000
528418649.184000
528418659.184000
528418669.184000
528418679.184000
528418689.184000
528418699.184000
528418709.184000
528418719.184000
528418729.184000
528418739.184000
528418749.184000
528418759.184000
528418769.184000
528418779.184000
528418789.184000
528418799.184000
528418809.184000
528418819.184000
528418829.184000
528418839.184000
528418849.184000
528418859.184000
528418869.184000
528418879.184000
528418889.184000
528418899.184000
528418909.184000
528418919.184000
528418929.184000
528418939.184000
528418949.184000
528418959.184000
528418969.184000
528418979.184000
528418989.184000
528418999.184000
528419009.184000
528419019.184000
528419029.184000
528419039.184000
528419049.184000
528419059.184000
528419069.184000
528419079.184000
528419089.184000
528419099.184000
528419109.184000
528419119.184000
528419129.184000
528419139.184000
528419149.184000
528419159.184000
528419169.184000
528419179.184000
528419189.184000
528419199.184000
528419209.184000
528419219.184000
528419229.184000
528419239.184000
528419249.184000
528419259.184000
528419269.184000
528419279.184000
528419289.184000
528419299.184000
528419309.184000
528419319.184000
528419329.184000
528419339.184000
528419349.184000
528419359.184000
528419369.184000
528419379.184000
528419389.184000
528419399.184000
528419409.184000
528419419.184000
528419429.184000
528419439.184000
528419449.184000
528419459.184000
528419469.184000
528419479.184000
528419489.184000
528419499.184000
528419509.184000
528419519.184000
528419529.184000
528419539.184000
528419549.184000
528419559.184000
528419569.184000
528419579.184000
528419589.184000
528419599.184000
528419609.184000
528419619.184000
528419629.184000
528419639.184000
528419649.184000
528419659.184000
528419669.184000
528419679.184000
528419689.184000
528419699.184000
528419709.184000
528419719.184000
528419729.184000
528419739.184000
528419749.184000
528419759.184000
528419769.184000
528419779.184000
528419789.184000
528419799.184000
528419809.184000
528419819.184000
528419829.184000
528419839.184000
528419849.184000
528419859.184000
528419869.184000
528419879.184000
528419889.184000
528419899.184000
528419909.184000
528419919.184000
528419929.184000
528419939.184000
528419949.184000
528419959.184000
528419969.184000
528419979.184000
528419989.184000
528419999.184000
528420009.184000
528420019.184000
528420029.184000
528420039.184000
528420049.184000
528420059.184000
528420069.184000
528420079.184000
528420089.184000
528420099.184000
528420109.184000
528420119.184000
528420129.184000
528420139.184000
528420149.184000
528420159.184000
528420169.184000
528420179.184000
528420189.184000
528420199.184000
528420209.184000
528420219.184000
528420229.184000
528420239.184000
528420249.184000
528420259.184000
528420269.184000
528420279.184000
528420289.184000
528420299.184000
528420309.184000
528420319.184000
528420329.184000
528420339.184000
528420349.184000
528420359.184000
528420369.184000
528420379.184000
528420389.184000
528420399.184000
528420409.184000
528420419.184000
528420429.184000
528420439.184000
528420449.184000
528420459.184000
528420469.184000
528420479.184000
528420489.184000
528420499.184000
528420509.184000
528420519.184000
528420529.184000
528420539.184000
528420549.184000
528420559.184000
528420569.184000
528420579.184000
528420589.184000
528420599.184000
528420609.184000
528420619.184000
528420629.184000
528420639.184000
528420649.184000
528420659.184000
528420669.184000
528420679.184000
528420689.184000
528420699.184000
528420709.184000
528420719.184000
528420729.184000
528420739.184000
528420749.184000
528420759.184000
528420769.184000
528420779.184000
528420789.184000
528420799.184000
528420809.184000
528420819.184000
528420829.184000
528420839.184000
528420849.184000
528420859.184000
528420869.184000
528420879.184000
528420889.184000
528420899.184000
528420909.184000
528420919.184000
528420929.184000
528420939.184000
528420949.184000
528420959.184000
528420969.184000
528420979.184000
528420989.184000
528420999.184000
528421009.184000
528421019.184000
528421029.184000
528421039.184000
528421049.184000
528421059.184000
528421069.184000
528421079.184000
528421089.184000
528421099.184000
528421109.184000
528421119.184000
528421129.184000
528421139.184000
528421149.184000
528421159.184000
528421169.184000
528421179.184000
528421189.184000
528421199.184000
528421209.184000
528421219.184000
528421229.184000
528421239.184000
528421249.184000
528421259.184000
528421269.184000
528421279.184000
528421289.184000
528421299.184000
528421309.184000
528421319.184000
528421329.184000
528421339.184000
528421349.184000
528421359.184000
528421369.184000
528421379.184000
528421389.184000
528421399.184000
528421409.184000
528421419.184000
528421429.184000
528421439.184000
528421449.184000
528421459.184000
528421469.184000
528421479.184000
528421489.184000
528421499.184000
528421509.184000
528421519.184000
528421529.184000
528421539.184000
528421549.184000
528421559.184000
528421569.184000
528421579.184000
528421589.184000
528421599.184000
528421609.184000
528421619.184000
528421629.184000
528421639.184000
528421649.184000
528421659.184000
528421669.184000
528421679.184000
528421689.184000
528421699.184000
528421709.184000
528421719.184000
528421729.184000
528421739.184000
528421749.184000
528421759.184000
528421769.184000
528421779.184000
528421789.184000
528421799.184000
528421809.184000
528421819.184000
528421829.184000
528421839.184000
528421849.184000
528421859.184000
528421869.184000
528421879.184000
528421889.184000
528421899.184000
528421909.184000
528421919.184000
528421929.184000
528421939.184000
528421949.184000
528421959.184000
528421969.184000
528421979.184000
528421989.184000
528421999.184000
528422009.184000
528422019.184000
528422029.184000
528422039.184000
528422049.184000
528422059.184000
528422069.184000
528422079.184000
528422089.184000
528422099.184000
528422109.184000
528422119.184000
528422129.184000
528422139.184000
528422149.184000
528422159.184000
528422169.184000
528422179.184000
528422189.184000
528422199.184000
528422209.184000
528422219.184000
528422229.184000
528422239.184000
528422249.184000
528422259.184000
528422269.184000
528422279.184000
528422289.184000
528422299.184000
528422309.184000
528422319.184000
528422329.184000
528422339.184000
528422349.184000
528422359.184000
528422369.184000
528422379.184000
528422389.184000
528422399.184000
528422409.184000
528422419.184000
528422429.184000
528422439.184000
528422449.184000
528422459.184000
528422469.184000
528422479.184000
528422489.184000
528422499.184000
528422509.184000
528422519.184000
528422529.184000
528422539.184000
528422549.184000
528422559.184000
528422569.184000
528422579.184000
528422589.184000
528422599.184000
528422609.184000
528422619.184000
528422629.184000
528422639.184000
528422649.184000
528422659.184000
528422669.184000
528422679.184000
528422689.184000
528422699.184000
528422709.184000
528422719.184000
528422729.184000
528422739.184000
528422749.184000
528422759.184000
528422769.184000
528422779.184000
528422789.184000
528422799.184000
528422809.184000
528422819.184000
528422829.184000
528422839.184000
528422849.184000
528422859.184000
528422869.184000
528422879.184000
528422889.184000
528422899.184000
528422909.184000
528422919.184000
528422929.184000
528422939.184000
528422949.184000
528422959.184000
528422969.184000
528422979.184000
528422989.184000
528422999.184000
528423009.184000
528423019.184000
528423029.184000
528423039.184000
528423049.184000
528423059.184000
528423069.184000
528423079.184000
528423089.184000
528423099.184000
528423109.184000
528423119.184000
528423129.184000
528423139.184000
528423149.184000
528423159.184000
528423169.184000
528423179.184000
528423189.184000
528423199.184000
528423209.184000
528423219.184000
528423229.184000
528423239.184000
528423249.184000
528423259.184000
528423269.184000
528423279.184000
528423289.184000
528423299.184000
528423309.184000
528423319.184000
528423329.184000
528423339.184000
528423349.184000
528423359.184000
528423369.184000
528423379.184000
528423389.184000
528423399.184000
528423409.184000
528423419.184000
528423429.184000
528423439.184000
528423449.184000
528423459.184000
528423469.184000
528423479.184000
528423489.184000
528423499.184000
528423509.184000
528423519.184000
528423529.184000
528423539.184000
528423549.184000
528423559.184000
528423569.184000
528423579.184000
528423589.184000
528423599.184000
528423609.184000
528423619.184000
528423629.184000
528423639.184000
528423649.184000
528423659.184000
528423669.184000
528423679.184000
528423689.184000
528423699.184000
528423709.184000
528423719.184000
528423729.184000
528423739.184000
528423749.184000
528423759.184000
528423769.184000
528423779.184000
528423789.184000
528423799.184000
528423809.184000
528423819.184000
528423829.184000
528423839.184000
528423849.184000
528423859.184000
528423869.184000
528423879.184000
528423889.184000
528423899.184000
528423909.184000
528423919.184000
528423929.184000
528423939.184000
528423949.184000
528423959.184000
528423969.184000
528423979.184000
528423989.184000
528423999.184000
528424009.184000
528424019.184000
528424029.184000
528424039.184000
528424049.184000
528424059.184000
528424069.184000
528424079.184000
528424089.184000
528424099.184000
528424109.184000
528424119.184000
528424129.184000
528424139.184000
528424149.184000
528424159.184000
528424169.184000
528424179.184000
528424189.184000
528424199.184000
528424209.184000
528424219.184000
528424229.184000
528424239.184000
528424249.184000
528424259.184000
528424269.184000
528424279.184000
528424289.184000
528424299.184000
528424309.184000
528424319.184000
528424329.184000
528424339.184000
528424349.184000
528424359.184000
528424369.184000
528424379.184000
528424389.184000
528424399.184000
528424409.184000
528424419.184000
528424429.184000
528424439.184000
528424449.184000
528424459.184000
528424469.184000
528424479.184000
528424489.184000
528424499.184000
528424509.184000
528424519.184000
528424529.184000
528424539.184000
528424549.184000
528424559.184000
528424569.184000
528424579.184000
528424589.184000
528424599.184000
528424609.184000
528424619.184000
528424629.184000
528424639.184000
528424649.184000
528424659.184000
528424669.184000
528424679.184000
528424689.184000
528424699.184000
528424709.184000
528424719.184000
528424729.184000
528424739.184000
528424749.184000
528424759.184000
528424769.184000
528424779.184000
528424789.184000
528424799.184000
528424809.184000
528424819.184000
528424829.184000
528424839.184000
528424849.184000
528424859.184000
528424869.184000
528424879.184000
528424889.184000
528424899.184000
528424909.184000
528424919.184000
528424929.184000
528424939.184000
528424949.184000
528424959.184000
528424969.184000
528424979.184000
528424989.184000
528424999.184000
528425009.184000
528425019.184000
528425029.184000
528425039.184000
528425049.184000
528425059.184000
528425069.184000
528425079.184000
528425089.184000
528425099.184000
528425109.184000
528425119.184000
528425129.184000
528425139.184000
528425149.184000
528425159.184000
528425169.184000
528425179.184000
528425189.184000
528425199.184000
528425209.184000
528425219.184000
528425229.184000
528425239.184000
528425249.184000
528425259.184000
528425269.184000
528425279.184000
528425289.184000
528425299.184000
528425309.184000
528425319.184000
528425329.184000
528425339.184000
528425349.184000
528425359.184000
528425369.184000
528425379.184000
528425389.184000
528425399.184000
528425409.184000
528425419.184000
528425429.184000
528425439.184000
528425449.184000
528425459.184000
528425469.184000
528425479.184000
528425489.184000
528425499.184000
528425509.184000
528425519.184000
528425529.184000
528425539.184000
528425549.184000
528425559.184000
528425569.184000
528425579.184000
528425589.184000
528425599.184000
528425609.184000
528425619.184000
528425629.184000
528425639.184000
528425649.184000
528425659.184000
528425669.184000
528425679.184000
528425689.184000
528425699.184000
528425709.184000
528425719.184000
528425729.184000
528425739.184000
528425749.184000
528425759.184000
528425769.184000
528425779.184000
528425789.184000
528425799.184000
528425809.184000
528425819.184000
528425829.184000
528425839.184000
528425849.184000
528425859.184000
528425869.184000
528425879.184000
528425889.184000
528425899.184000
528425909.184000
528425919.184000
528425929.184000
528425939.184000
528425949.184000
528425959.184000
528425969.184000
528425979.184000
528425989.184000
528425999.184000
528426009.184000
528426019.184000
528426029.184000
528426039.184000
528426049.184000
528426059.184000
528426069.184000
528426079.184000
528426089.184000
528426099.184000
528426109.184000
528426119.184000
528426129.184000
528426139.184000
528426149.184000
528426159.184000
528426169.184000
528426179.184000
528426189.184000
528426199.184000
528426209.184000
528426219.184000
528426229.184000
528426239.184000
528426249.184000
528426259.184000
528426269.184000
528426279.184000
528426289.184000
528426299.184000
528426309.184000
528426319.184000
528426329.184000
528426339.184000
528426349.184000
528426359.184000
528426369.184000
528426379.184000
528426389.184000
528426399.184000
528426409.184000
528426419.184000
528426429.184000
528426439.184000
528426449.184000
528426459.184000
528426469.184000
528426479.184000
528426489.184000
528426499.184000
528426509.184000
528426519.184000
528426529.184000
528426539.184000
528426549.184000
528426559.184000
528426569.184000
528426579.184000
528426589.184000
528426599.184000
528426609.184000
528426619.184000
528426629.184000
528426639.184000
528426649.184000
528426659.184000
528426669.184000
528426679.184000
528426689.184000
528426699.184000
528426709.184000
528426719.184000
528426729.184000
528426739.184000
528426749.184000
528426759.184000
528426769.184000
528426779.184000
528426789.184000
528426799.184000
528426809.184000
528426819.184000
528426829.184000
528426839.184000
528426849.184000
528426859.184000
528426869.184000
528426879.184000
528426889.184000
528426899.184000
528426909.184000
528426919.184000
528426929.184000
528426939.184000
528426949.184000
528426959.184000
528426969.184000
528426979.184000
528426989.184000
528426999.184000
528427009.184000
528427019.184000
528427029.184000
528427039.184000
528427049.184000
528427059.184000
528427069.184000
528427079.184000
528427089.184000
528427099.184000
528427109.184000
528427119.184000
528427129.184000
528427139.184000
528427149.184000
528427159.184000
528427169.184000
528427179.184000
528427189.184000
528427199.184000
528427209.184000
528427219.184000
528427229.184000
528427239.184000
528427249.184000
528427259.184000
528427269.184000
528427279.184000
528427289.184000
528427299.184000
528427309.184000
528427319.184000
528427329.184000
528427339.184000
528427349.184000
528427359.184000
528427369.184000
528427379.184000
528427389.184000
528427399.184000
528427409.184000
528427419.184000
528427429.184000
528427439.184000
528427449.184000
528427459.184000
528427469.184000
528427479.184000
528427489.184000
528427499.184000
528427509.184000
528427519.184000
528427529.184000
528427539.184000
528427549.184000
528427559.184000
528427569.184000
528427579.184000
528427589.184000
528427599.184000
528427609.184000
528427619.184000
528427629.184000
528427639.184000
528427649.184000
528427659.184000
528427669.184000
528427679.184000
528427689.184000
528427699.184000
528427709.184000
528427719.184000
528427729.184000
528427739.184000
528427749.184000
528427759.184000
528427769.184000
528427779.184000
528427789.184000
528427799.184000
528427809.184000
528427819.184000
528427829.184000
528427839.184000
528427849.184000
528427859.184000
528427869.184000
528427879.184000
528427889.184000
528427899.184000
528427909.184000
528427919.184000
528427929.184000
528427939.184000
528427949.184000
528427959.184000
528427969.184000
528427979.184000
528427989.184000
528427999.184000
528428009.184000
528428019.184000
528428029.184000
528428039.184000
528428049.184000
528428059.184000
528428069.184000
528428079.184000
528428089.184000
528428099.184000
528428109.184000
528428119.184000
528428129.184000
528428139.184000
528428149.184000
528428159.184000
528428169.184000
528428179.184000
528428189.184000
528428199.184000
528428209.184000
528428219.184000
528428229.184000
528428239.184000
528428249.184000
528428259.184000
528428269.184000
528428279.184000
528428289.184000
528428299.184000
528428309.184000
528428319.184000
528428329.184000
528428339.184000
528428349.184000
528428359.184000
528428369.184000
528428379.184000
528428389.184000
528428399.184000
528428409.184000
528428419.184000
528428429.184000
528428439.184000
528428449.184000
528428459.184000
528428469.184000
528428479.184000
528428489.184000
528428499.184000
528428509.184000
528428519.184000
528428529.184000
528428539.184000
528428549.184000
528428559.184000
528428569.184000
528428579.184000
528428589.184000
528428599.184000
528428609.184000
528428619.184000
528428629.184000
528428639.184000
528428649.184000
528428659.184000
528428669.184000
528428679.184000
528428689.184000
528428699.184000
528428709.184000
528428719.184000
528428729.184000
528428739.184000
528428749.184000
528428759.184000
528428769.184000
528428779.184000
528428789.184000
528428799.184000
528428809.184000
528428819.184000
528428829.184000
528428839.184000
528428849.184000
528428859.184000
528428869.184000
528428879.184000
528428889.184000
528428899.184000
528428909.184000
528428919.184000
528428929.184000
528428939.184000
528428949.184000
528428959.184000
528428969.184000
528428979.184000
528428989.184000
528428999.184000
528429009.184000
528429019.184000
528429029.184000
528429039.184000
528429049.184000
528429059.184000
528429069.184000
528429079.184000
528429089.184000
528429099.184000
528429109.184000
528429119.184000
528429129.184000
528429139.184000
528429149.184000
528429159.184000
528429169.184000
528429179.184000
528429189.184000
528429199.184000
528429209.184000
528429219.184000
528429229.184000
528429239.184000
528429249.184000
528429259.184000
528429269.184000
528429279.184000
528429289.184000
528429299.184000
528429309.184000
528429319.184000
528429329.184000
528429339.184000
528429349.184000
528429359.184000
528429369.184000
528429379.184000
528429389.184000
528429399.184000
528429409.184000
528429419.184000
528429429.184000
528429439.184000
528429449.184000
528429459.184000
528429469.184000
528429479.184000
528429489.184000
528429499.184000
528429509.184000
528429519.184000
528429529.184000
528429539.184000
528429549.184000
528429559.184000
528429569.184000
528429579.184000
528429589.184000
528429599.184000
528429609.184000
528429619.184000
528429629.184000
528429639.184000
528429649.184000
528429659.184000
528429669.184000
528429679.184000
528429689.184000
528429699.184000
528429709.184000
528429719.184000
528429729.184000
528429739.184000
528429749.184000
528429759.184000
528429769.184000
528429779.184000
528429789.184000
528429799.184000
528429809.184000
528429819.184000
528429829.184000
528429839.184000
528429849.184000
528429859.184000
528429869.184000
528429879.184000
528429889.184000
528429899.184000
528429909.184000
528429919.184000
528429929.184000
528429939.184000
528429949.184000
528429959.184000
528429969.184000
528429979.184000
528429989.184000
528429999.184000
528430009.184000
528430019.184000
528430029.184000
528430039.184000
528430049.184000
528430059.184000
528430069.184000
528430079.184000
528430089.184000
528430099.184000
528430109.184000
528430119.184000
528430129.184000
528430139.184000
528430149.184000
528430159.184000
528430169.184000
528430179.184000
528430189.184000
528430199.184000
528430209.184000
528430219.184000
528430229.184000
528430239.184000
528430249.184000
528430259.184000
528430269.184000
528430279.184000
528430289.184000
528430299.184000
528430309.184000
528430319.184000
528430329.184000
528430339.184000
528430349.184000
528430359.184000
528430369.184000
528430379.184000
528430389.184000
528430399.184000
528430409.184000
528430419.184000
528430429.184000
528430439.184000
528430449.184000
528430459.184000
528430469.184000
528430479.184000
528430489.184000
528430499.184000
528430509.184000
528430519.184000
528430529.184000
528430539.184000
528430549.184000
528430559.184000
528430569.184000
528430579.184000
528430589.184000
528430599.184000
528430609.184000
528430619.184000
528430629.184000
528430639.184000
528430649.184000
528430659.184000
528430669.184000
528430679.184000
528430689.184000
528430699.184000
528430709.184000
528430719.184000
528430729.184000
528430739.184000
528430749.184000
528430759.184000
528430769.184000
528430779.184000
528430789.184000
528430799.184000
528430809.184000
528430819.184000
528430829.184000
528430839.184000
528430849.184000
528430859.184000
528430869.184000
528430879.184000
528430889.184000
528430899.184000
528430909.184000
528430919.184000
528430929.184000
528430939.184000
528430949.184000
528430959.184000
528430969.184000
528430979.184000
528430989.184000
528430999.184000
528431009.184000
528431019.184000
528431029.184000
528431039.184000
528431049.184000
528431059.184000
528431069.184000
528431079.184000
528431089.184000
528431099.184000
528431109.184000
528431119.184000
528431129.184000
528431139.184000
528431149.184000
528431159.184000
528431169.184000
528431179.184000
528431189.184000
528431199.184000
528431209.184000
528431219.184000
528431229.184000
528431239.184000
528431249.184000
528431259.184000
528431269.184000
528431279.184000
528431289.184000
528431299.184000
528431309.184000
528431319.184000
528431329.184000
528431339.184000
528431349.184000
528431359.184000
528431369.184000
528431379.184000
528431389.184000
528431399.184000
528431409.184000
528431419.184000
528431429.184000
528431439.184000
528431449.184000
528431459.184000
528431469.184000
528431479.184000
528431489.184000
528431499.184000
528431509.184000
528431519.184000
528431529.184000
528431539.184000
528431549.184000
528431559.184000
528431569.184000
528431579.184000
528431589.184000
528431599.184000
528431609.184000
528431619.184000
528431629.184000
528431639.184000
528431649.184000
528431659.184000
528431669.184000
528431679.184000
528431689.184000
528431699.184000
528431709.184000
528431719.184000
528431729.184000
528431739.184000
528431749.184000
528431759.184000
528431769.184000
528431779.184000
528431789.184000
528431799.184000
528431809.184000
528431819.184000
528431829.184000
528431839.184000
528431849.184000
528431859.184000
528431869.184000
528431879.184000
528431889.184000
528431899.184000
528431909.184000
528431919.184000
528431929.184000
528431939.184000
528431949.184000
528431959.184000
528431969.184000
528431979.184000
528431989.184000
528431999.184000
528432009.184000
528432019.184000
528432029.184000
528432039.184000
528432049.184000
528432059.184000
528432069.184000
528432079.184000
528432089.184000
528432099.184000
528432109.184000
528432119.184000
528432129.184000
528432139.184000
528432149.184000
528432159.184000
528432169.184000
528432179.184000
528432189.184000
528432199.184000
528432209.184000
528432219.184000
528432229.184000
528432239.184000
528432249.184000
528432259.184000
528432269.184000
528432279.184000
528432289.184000
528432299.184000
528432309.184000
528432319.184000
528432329.184000
528432339.184000
528432349.184000
528432359.184000
528432369.184000
528432379.184000
528432389.184000
528432399.184000
528432409.184000
528432419.184000
528432429.184000
528432439.184000
528432449.184000
528432459.184000
528432469.184000
528432479.184000
528432489.184000
528432499.184000
528432509.184000
528432519.184000
528432529.184000
528432539.184000
528432549.184000
528432559.184000
528432569.184000
528432579.184000
528432589.184000
528432599.184000
528432609.184000
528432619.184000
528432629.184000
528432639.184000
528432649.184000
528432659.184000
528432669.184000
528432679.184000
528432689.184000
528432699.184000
528432709.184000
528432719.184000
528432729.184000
528432739.184000
528432749.184000
528432759.184000
528432769.184000
528432779.184000
528432789.184000
528432799.184000
528432809.184000
528432819.184000
528432829.184000
528432839.184000
528432849.184000
528432859.184000
528432869.184000
528432879.184000
528432889.184000
528432899.184000
528432909.184000
528432919.184000
528432929.184000
528432939.184000
528432949.184000
528432959.184000
528432969.184000
528432979.184000
528432989.184000
528432999.184000
528433009.184000
528433019.184000
528433029.184000
528433039.184000
528433049.184000
528433059.184000
528433069.184000
528433079.184000
528433089.184000
528433099.184000
528433109.184000
528433119.184000
528433129.184000
528433139.184000
528433149.184000
528433159.184000
528433169.184000
528433179.184000
528433189.184000
528433199.184000
528433209.184000
528433219.184000
528433229.184000
528433239.184000
528433249.184000
528433259.184000
528433269.184000
528433279.184000
528433289.184000
528433299.184000
528433309.184000
528433319.184000
528433329.184000
528433339.184000
528433349.184000
528433359.184000
528433369.184000
528433379.184000
528433389.184000
528433399.184000
528433409.184000
528433419.184000
528433429.184000
528433439.184000
528433449.184000
528433459.184000
528433469.184000
528433479.184000
528433489.184000
528433499.184000
528433509.184000
528433519.184000
528433529.184000
528433539.184000
528433549.184000
528433559.184000
528433569.184000
528433579.184000
528433589.184000
528433599.184000
528433609.184000
528433619.184000
528433629.184000
528433639.184000
528433649.184000
528433659.184000
528433669.184000
528433679.184000
528433689.184000
528433699.184000
528433709.184000
528433719.184000
528433729.184000
528433739.184000
528433749.184000
528433759.184000
528433769.184000
528433779.184000
528433789.184000
528433799.184000
528433809.184000
528433819.184000
528433829.184000
528433839.184000
528433849.184000
528433859.184000
528433869.184000
528433879.184000
528433889.184000
528433899.184000
528433909.184000
528433919.184000
528433929.184000
528433939.184000
528433949.184000
528433959.184000
528433969.184000
528433979.184000
528433989.184000
528433999.184000
528434009.184000
528434019.184000
528434029.184000
528434039.184000
528434049.184000
528434059.184000
528434069.184000
528434079.184000
528434089.184000
528434099.184000
528434109.184000
528434119.184000
528434129.184000
528434139.184000
528434149.184000
528434159.184000
528434169.184000
528434179.184000
528434189.184000
528434199.184000
528434209.184000
528434219.184000
528434229.184000
528434239.184000
528434249.184000
528434259.184000
528434269.184000
528434279.184000
528434289.184000
528434299.184000
528434309.184000
528434319.184000
528434329.184000
528434339.184000
528434349.184000
528434359.184000
528434369.184000
528434379.184000
528434389.184000
528434399.184000
528434409.184000
528434419.184000
528434429.184000
528434439.184000
528434449.184000
528434459.184000
528434469.184000
528434479.184000
528434489.184000
528434499.184000
528434509.184000
528434519.184000
528434529.184000
528434539.184000
528434549.184000
528434559.184000
528434569.184000
528434579.184000
528434589.184000
528434599.184000
528434609.184000
528434619.184000
528434629.184000
528434639.184000
528434649.184000
528434659.184000
528434669.184000
528434679.184000
528434689.184000
528434699.184000
528434709.184000
528434719.184000
528434729.184000
528434739.184000
528434749.184000
528434759.184000
528434769.184000
528434779.184000
528434789.184000
528434799.184000
528434809.184000
528434819.184000
528434829.184000
528434839.184000
528434849.184000
528434859.184000
528434869.184000
528434879.184000
528434889.184000
528434899.184000
528434909.184000
528434919.184000
528434929.184000
528434939.184000
528434949.184000
528434959.184000
528434969.184000
528434979.184000
528434989.184000
528434999.184000
528435009.184000
528435019.184000
528435029.184000
528435039.184000
528435049.184000
528435059.184000
528435069.184000
528435079.184000
528435089.184000
528435099.184000
528435109.184000
528435119.184000
528435129.184000
528435139.184000
528435149.184000
528435159.184000
528435169.184000
528435179.184000
528435189.184000
528435199.184000
528435209.184000
528435219.184000
528435229.184000
528435239.184000
528435249.184000
528435259.184000
528435269.184000
528435279.184000
528435289.184000
528435299.184000
528435309.184000
528435319.184000
528435329.184000
528435339.184000
528435349.184000
528435359.184000
528435369.184000
528435379.184000
528435389.184000
528435399.184000
528435409.184000
528435419.184000
528435429.184000
528435439.184000
528435449.184000
528435459.184000
528435469.184000
528435479.184000
528435489.184000
528435499.184000
528435509.184000
528435519.184000
528435529.184000
528435539.184000
528435549.184000
528435559.184000
528435569.184000
528435579.184000
528435589.184000
528435599.184000
528435609.184000
528435619.184000
528435629.184000
528435639.184000
528435649.184000
528435659.184000
528435669.184000
528435679.184000
528435689.184000
528435699.184000
528435709.184000
528435719.184000
528435729.184000
528435739.184000
528435749.184000
528435759.184000
528435769.184000
528435779.184000
528435789.184000
528435799.184000
528435809.184000
528435819.184000
528435829.184000
528435839.184000
528435849.184000
528435859.184000
528435869.184000
528435879.184000
528435889.184000
528435899.184000
528435909.184000
528435919.184000
528435929.184000
528435939.184000
528435949.184000
528435959.184000
528435969.184000
528435979.184000
528435989.184000
528435999.184000
528436009.184000
528436019.184000
528436029.184000
528436039.184000
528436049.184000
528436059.184000
528436069.184000
528436079.184000
528436089.184000
528436099.184000
528436109.184000
528436119.184000
528436129.184000
528436139.184000
528436149.184000
528436159.184000
528436169.184000
528436179.184000
528436189.184000
528436199.184000
528436209.184000
528436219.184000
528436229.184000
