0.000000000000e+00 0.000000000000e+00 0.000000000000e+00 0.000000000000e+00 0.000000000000e+00 0.000000000000e+00 
4.454805655549e-03 4.499637353174e-03 4.480119950070e-03 0.000000000000e+00 0.000000000000e+00 0.000000000000e+00 
4.455058612353e-03 4.499945594024e-03 4.480392673931e-03 0.000000000000e+00 0.000000000000e+00 0.000000000000e+00 
4.455058626410e-03 4.499945614967e-03 4.480392690488e-03 0.000000000000e+00 0.000000000000e+00 0.000000000000e+00 
4.455058626410e-03 4.499945614969e-03 4.480392690489e-03 0.000000000000e+00 0.000000000000e+00 0.000000000000e+00 
4.455058626410e-03 4.499945614969e-03 4.480392690489e-03 0.000000000000e+00 0.000000000000e+00 0.000000000000e+00 
4.455058626410e-03 4.499945614969e-03 4.480392690489e-03 0.000000000000e+00 0.000000000000e+00 0.000000000000e+00 
4.455058626410e-03 4.499945614969e-03 4.480392690489e-03 0.000000000000e+00 0.000000000000e+00 0.000000000000e+00 
4.455058626410e-03 4.499945614969e-03 4.480392690489e-03 0.000000000000e+00 0.000000000000e+00 0.000000000000e+00 
4.455058626410e-03 4.499945614969e-03 4.480392690489e-03 0.000000000000e+00 0.000000000000e+00 0.000000000000e+00 
4.455058626410e-03 4.499945614969e-03 4.480392690489e-03 0.000000000000e+00 0.000000000000e+00 0.000000000000e+00 
4.455058626410e-03 4.499945614969e-03 4.480392690489e-03 0.000000000000e+00 0.000000000000e+00 0.000000000000e+00 
4.455058626410e-03 4.499945614969e-03 4.480392690489e-03 0.000000000000e+00 0.000000000000e+00 0.000000000000e+00 
4.470067970590e-03 4.161317653507e-04 4.485364968968e-03 0.000000000000e+00 0.000000000000e+00 0.000000000000e+00 
4.483843897165e-03 -1.136360326974e-03 4.489941941017e-03 0.000000000000e+00 0.000000000000e+00 0.000000000000e+00 
4.483714510342e-03 -1.123771467403e-03 4.489898818322e-03 0.000000000000e+00 0.000000000000e+00 0.000000000000e+00 
4.483709941346e-03 -1.122739066716e-03 4.489897296362e-03 0.000000000000e+00 0.000000000000e+00 0.000000000000e+00 
4.483704473044e-03 -1.121670616848e-03 4.489895474551e-03 0.000000000000e+00 0.000000000000e+00 0.000000000000e+00 
4.483699069378e-03 -1.120613580865e-03 4.489893674279e-03 0.000000000000e+00 0.000000000000e+00 0.000000000000e+00 
4.483693722305e-03 -1.119567553919e-03 4.489891892865e-03 0.000000000000e+00 0.000000000000e+00 0.000000000000e+00 
4.483688428138e-03 -1.118531815908e-03 4.489890129080e-03 0.000000000000e+00 0.000000000000e+00 0.000000000000e+00 
4.483683183523e-03 -1.117505715555e-03 4.489888381805e-03 0.000000000000e+00 0.000000000000e+00 0.000000000000e+00 
4.483677985366e-03 -1.116488652461e-03 4.489886650012e-03 0.000000000000e+00 0.000000000000e+00 0.000000000000e+00 
4.483672830812e-03 -1.115480071324e-03 4.489884932748e-03 0.000000000000e+00 0.000000000000e+00 0.000000000000e+00 
4.483667717206e-03 -1.114479456808e-03 4.489883229128e-03 0.000000000000e+00 0.000000000000e+00 0.000000000000e+00 
4.483662642082e-03 -1.113486329053e-03 4.489881538332e-03 0.000000000000e+00 0.000000000000e+00 0.000000000000e+00 
4.483657603133e-03 -1.112500239731e-03 4.489879859590e-03 0.000000000000e+00 0.000000000000e+00 0.000000000000e+00 
4.483652598200e-03 -1.111520768565e-03 4.489878192183e-03 0.000000000000e+00 0.000000000000e+00 0.000000000000e+00 
4.483647625251e-03 -1.110547520232e-03 4.489876535434e-03 0.000000000000e+00 0.000000000000e+00 0.000000000000e+00 
4.478003048650e-03 -5.705792201194e-05 -3.337340665852e-04 0.000000000000e+00 0.000000000000e+00 0.000000000000e+00 
4.477978721968e-03 -8.351683173834e-06 3.570238802368e-06 0.000000000000e+00 0.000000000000e+00 0.000000000000e+00 
4.477978670087e-03 1.218503879552e-07 1.581451956563e-07 0.000000000000e+00 0.000000000000e+00 0.000000000000e+00 
4.477978670096e-03 1.338712994061e-08 -5.563799329005e-08 0.000000000000e+00 0.000000000000e+00 0.000000000000e+00 
4.477978670096e-03 7.451233531511e-09 -5.294182780100e-08 0.000000000000e+00 0.000000000000e+00 0.000000000000e+00 
4.477978670096e-03 6.332181527230e-09 -5.300338911515e-08 0.000000000000e+00 0.000000000000e+00 0.000000000000e+00 
4.477978670096e-03 5.141723020978e-09 -5.313374084581e-08 0.000000000000e+00 0.000000000000e+00 0.000000000000e+00 
4.477978670095e-03 3.946967353525e-09 -5.323589088129e-08 0.000000000000e+00 0.000000000000e+00 0.000000000000e+00 
