1.745329251994e-03 8.726646259972e-02 0.000000000000e+00 0.000000000000e+00 0.000000000000e+00 0.000000000000e+00 
2.088279277953e-03 8.726081275440e-02 -4.053911914529e-04 0.000000000000e+00 0.000000000000e+00 0.000000000000e+00 
3.251626646619e-03 8.723411212610e-02 -9.699807763002e-04 0.000000000000e+00 0.000000000000e+00 0.000000000000e+00 
5.690347880658e-03 8.714031834383e-02 -1.914872215222e-03 0.000000000000e+00 0.000000000000e+00 0.000000000000e+00 
1.034837168245e-02 8.681822117479e-02 -3.606290030631e-03 0.000000000000e+00 0.000000000000e+00 0.000000000000e+00 
1.896418737220e-02 8.572041660709e-02 -6.676397124291e-03 0.000000000000e+00 0.000000000000e+00 0.000000000000e+00 
3.435518320095e-02 8.205188093953e-02 -1.213070710312e-02 0.000000000000e+00 0.000000000000e+00 0.000000000000e+00 
5.932969989734e-02 7.055288908211e-02 -2.096713832319e-02 0.000000000000e+00 0.000000000000e+00 0.000000000000e+00 
8.915629202505e-02 4.069504662160e-02 -3.151546888723e-02 0.000000000000e+00 0.000000000000e+00 0.000000000000e+00 
1.001554031314e-01 -9.715531020223e-03 -3.540490538437e-02 0.000000000000e+00 0.000000000000e+00 0.000000000000e+00 
7.888618659359e-02 -5.431802001915e-02 -2.788365170911e-02 0.000000000000e+00 0.000000000000e+00 0.000000000000e+00 
4.914543176158e-02 -7.619885188110e-02 -1.736457345011e-02 0.000000000000e+00 0.000000000000e+00 0.000000000000e+00 
2.778135956856e-02 -8.389795689222e-02 -9.802791472839e-03 0.000000000000e+00 0.000000000000e+00 0.000000000000e+00 
1.523149940458e-02 -8.627700269901e-02 -5.349677559372e-03 0.000000000000e+00 0.000000000000e+00 0.000000000000e+00 
8.316197171508e-03 -8.698189911565e-02 -2.874738274990e-03 0.000000000000e+00 0.000000000000e+00 0.000000000000e+00 
4.613324186187e-03 -8.718806142631e-02 -1.509825563144e-03 0.000000000000e+00 0.000000000000e+00 0.000000000000e+00 
2.714898776186e-03 -8.724787744576e-02 -7.352296551987e-04 0.000000000000e+00 0.000000000000e+00 0.000000000000e+00 
1.882212280593e-03 -8.726432881202e-02 -2.491357238903e-04 0.000000000000e+00 0.000000000000e+00 0.000000000000e+00 
1.789124678842e-03 -8.726579742360e-02 1.391010956877e-04 0.000000000000e+00 0.000000000000e+00 0.000000000000e+00 
2.399120202239e-03 -8.725481815926e-02 5.819797619895e-04 0.000000000000e+00 0.000000000000e+00 0.000000000000e+00 
3.951289098783e-03 -8.721244527679e-02 1.253321155186e-03 0.000000000000e+00 0.000000000000e+00 0.000000000000e+00 
7.051234208506e-03 -8.706566600799e-02 2.415412223238e-03 0.000000000000e+00 0.000000000000e+00 0.000000000000e+00 
1.288884702531e-02 -8.656285775134e-02 4.514922527631e-03 0.000000000000e+00 0.000000000000e+00 0.000000000000e+00 
2.357934819028e-02 -8.485712038181e-02 8.313689665852e-03 0.000000000000e+00 0.000000000000e+00 0.000000000000e+00 
4.224061760072e-02 -7.924340851966e-02 1.492155990963e-02 0.000000000000e+00 0.000000000000e+00 0.000000000000e+00 
7.038760899033e-02 -6.246525834994e-02 2.487812624872e-02 0.000000000000e+00 0.000000000000e+00 0.000000000000e+00 
9.691024702562e-02 -2.395878004767e-02 3.425738935684e-02 0.000000000000e+00 0.000000000000e+00 0.000000000000e+00 
9.536925235261e-02 2.821789156846e-02 3.371247565831e-02 0.000000000000e+00 0.000000000000e+00 0.000000000000e+00 
6.769264808035e-02 6.466064623987e-02 2.392500896011e-02 0.000000000000e+00 0.000000000000e+00 0.000000000000e+00 
4.022573115640e-02 8.002585857072e-02 1.420855056326e-02 0.000000000000e+00 0.000000000000e+00 0.000000000000e+00 
2.238347861286e-02 8.509967708042e-02 7.889660485522e-03 0.000000000000e+00 0.000000000000e+00 0.000000000000e+00 
1.222747802141e-02 8.663478926641e-02 4.278800132135e-03 0.000000000000e+00 0.000000000000e+00 0.000000000000e+00 
6.695738905391e-03 8.708671216491e-02 2.285463445651e-03 0.000000000000e+00 0.000000000000e+00 0.000000000000e+00 
3.766961018992e-03 8.721856240974e-02 1.180244737370e-03 0.000000000000e+00 0.000000000000e+00 0.000000000000e+00 
2.314299983986e-03 8.725653635688e-02 5.373325574052e-04 0.000000000000e+00 0.000000000000e+00 0.000000000000e+00 
1.770596140501e-03 8.726608085214e-02 1.053781849221e-04 0.000000000000e+00 0.000000000000e+00 0.000000000000e+00 
1.922706029163e-03 8.726366670302e-02 -2.851807051413e-04 0.000000000000e+00 0.000000000000e+00 0.000000000000e+00 
