8.726646259972e-03 8.740520913160e-03 -8.885234271599e-03 0.000000000000e+00 0.000000000000e+00 0.000000000000e+00 
7.994575230207e-03 8.945596955804e-03 -9.501671438798e-03 0.000000000000e+00 0.000000000000e+00 0.000000000000e+00 
7.197317554751e-03 9.143981743127e-03 -1.007454410644e-02 0.000000000000e+00 0.000000000000e+00 0.000000000000e+00 
6.337525111540e-03 9.330618852803e-03 -1.059582856046e-02 0.000000000000e+00 0.000000000000e+00 0.000000000000e+00 
5.419413787047e-03 9.500459113103e-03 -1.105740443463e-02 0.000000000000e+00 0.000000000000e+00 0.000000000000e+00 
4.448852020446e-03 9.648656829717e-03 -1.145139688038e-02 0.000000000000e+00 0.000000000000e+00 0.000000000000e+00 
3.433354608437e-03 9.770785074293e-03 -1.177055374045e-02 0.000000000000e+00 0.000000000000e+00 0.000000000000e+00 
2.381967471470e-03 9.863054415330e-03 -1.200862980657e-02 0.000000000000e+00 0.000000000000e+00 0.000000000000e+00 
1.305039407615e-03 9.922516247164e-03 -1.216074460886e-02 0.000000000000e+00 0.000000000000e+00 0.000000000000e+00 
2.138896650867e-04 9.947230969181e-03 -1.222367864797e-02 0.000000000000e+00 0.000000000000e+00 0.000000000000e+00 
-8.796065542112e-04 9.936383266959e-03 -1.219607656868e-02 0.000000000000e+00 0.000000000000e+00 0.000000000000e+00 
-1.963481248361e-03 9.890331657873e-03 -1.207853450456e-02 0.000000000000e+00 0.000000000000e+00 0.000000000000e+00 
-3.026145004567e-03 9.810586625654e-03 -1.187356152941e-02 0.000000000000e+00 0.000000000000e+00 0.000000000000e+00 
-4.056824993999e-03 9.699719860062e-03 -1.158541967705e-02 0.000000000000e+00 0.000000000000e+00 0.000000000000e+00 
-5.045932802750e-03 9.561214850511e-03 -1.121986070600e-02 0.000000000000e+00 0.000000000000e+00 0.000000000000e+00 
-5.985335196343e-03 9.399274987356e-03 -1.078378827137e-02 0.000000000000e+00 0.000000000000e+00 0.000000000000e+00 
-6.868513721180e-03 9.218608497813e-03 -1.028487982765e-02 0.000000000000e+00 0.000000000000e+00 0.000000000000e+00 
-7.690612312372e-03 9.024209732839e-03 -9.731202978123e-03 0.000000000000e+00 0.000000000000e+00 0.000000000000e+00 
-8.448383562054e-03 8.821153906592e-03 -9.130856783111e-03 0.000000000000e+00 0.000000000000e+00 0.000000000000e+00 
-9.140052485284e-03 8.614418192785e-03 -8.491661193926e-03 0.000000000000e+00 0.000000000000e+00 0.000000000000e+00 
-9.765120903941e-03 8.408737093987e-03 -7.820909046823e-03 0.000000000000e+00 0.000000000000e+00 0.000000000000e+00 
-1.032413619579e-02 8.208495128833e-03 -7.125186538405e-03 0.000000000000e+00 0.000000000000e+00 0.000000000000e+00 
-1.081844594413e-02 8.017655785378e-03 -6.410260973383e-03 0.000000000000e+00 0.000000000000e+00 0.000000000000e+00 
-1.124995604081e-02 7.839722712673e-03 -5.681029439554e-03 0.000000000000e+00 0.000000000000e+00 0.000000000000e+00 
-1.162090507835e-02 7.677727331448e-03 -4.941519035891e-03 0.000000000000e+00 0.000000000000e+00 0.000000000000e+00 
-1.193366324433e-02 7.534236301936e-03 -4.194928113063e-03 0.000000000000e+00 0.000000000000e+00 0.000000000000e+00 
-1.219055994817e-02 7.411372348241e-03 -3.443698243922e-03 0.000000000000e+00 0.000000000000e+00 0.000000000000e+00 
-1.239374134468e-02 7.310842533713e-03 -2.689607835575e-03 0.000000000000e+00 0.000000000000e+00 0.000000000000e+00 
-1.254505683276e-02 7.233968967406e-03 -1.933879979138e-03 0.000000000000e+00 0.000000000000e+00 0.000000000000e+00 
-1.264597242597e-02 7.181717911390e-03 -1.177298954406e-03 0.000000000000e+00 0.000000000000e+00 0.000000000000e+00 
-1.269750846366e-02 7.154724229480e-03 -4.203315139004e-04 0.000000000000e+00 0.000000000000e+00 0.000000000000e+00 
-1.270019928239e-02 7.153309005279e-03 3.367494951482e-04 0.000000000000e+00 0.000000000000e+00 0.000000000000e+00 
-1.265407302855e-02 7.177488943399e-03 1.093740541116e-03 0.000000000000e+00 0.000000000000e+00 0.000000000000e+00 
-1.255865061213e-02 7.226976867814e-03 1.850382556822e-03 0.000000000000e+00 0.000000000000e+00 0.000000000000e+00 
-1.241296374848e-02 7.301173281932e-03 2.606236294318e-03 0.000000000000e+00 0.000000000000e+00 0.000000000000e+00 
-1.221559298698e-02 7.399149603003e-03 3.360558544448e-03 0.000000000000e+00 0.000000000000e+00 0.000000000000e+00 
-1.196472746586e-02 7.519624376002e-03 4.112180497603e-03 0.000000000000e+00 0.000000000000e+00 0.000000000000e+00 
