0.000000000000e+00 -1.059082194145e-03 0.000000000000e+00 0.000000000000e+00 -3.668294060213e-05 -2.368181674153e-05 -1.542316586815e-05 
-2.982697547461e-05 -3.613385962274e-04 7.770266358009e-06 -1.645230266971e-03 -1.705295153995e-05 -1.103132965486e-05 -6.502449236269e-06 
2.413110647560e-05 -5.224222352317e-04 -6.324344021852e-06 -1.643480861876e-03 -1.454003051756e-05 -9.303167676521e-06 -6.308011506103e-06 
2.645112111559e-05 -7.996804047705e-04 -6.456167728544e-06 -1.643700421492e-03 -2.391778976840e-05 -1.529357163447e-05 -1.000325211229e-05 
2.419264403136e-06 -9.693880020676e-04 4.522255506279e-08 -1.644274267556e-03 -3.361506817618e-05 -2.149817874609e-05 -1.304078208565e-05 
-1.524591351568e-05 -1.030424740694e-03 4.552665358316e-06 -1.644657812015e-03 -3.860235432184e-05 -2.463592261926e-05 -1.408577086050e-05 
-1.897705644017e-05 -1.034614935684e-03 5.310491839283e-06 -1.644811106694e-03 -3.948674546429e-05 -2.511262689704e-05 -1.374412008052e-05 
-1.491140174742e-05 -1.022068952496e-03 4.085736437928e-06 -1.644832919861e-03 -3.858031998103e-05 -2.443831362475e-05 -1.291862370991e-05 
-9.894537122039e-06 -1.011072395967e-03 2.702407807844e-06 -1.644810038645e-03 -3.756885204968e-05 -2.370320382467e-05 -1.212685185893e-05 
-6.952970002582e-06 -1.005724704934e-03 1.920773571660e-06 -1.644785993496e-03 -3.706675627077e-05 -2.329893994548e-05 -1.150539861485e-05 
-6.113378640877e-06 -1.004469000968e-03 1.711081499524e-06 -1.644772947177e-03 -3.702835579910e-05 -2.319248264941e-05 -1.100999867455e-05 
-6.360441281426e-06 -1.004951255460e-03 1.787209820753e-06 -1.644769083852e-03 -3.721600931250e-05 -2.322992365418e-05 -1.056596826936e-05 
-6.838997907415e-06 -1.005697145314e-03 1.919226213136e-06 -1.644769617793e-03 -3.744545105300e-05 -2.329334645845e-05 -1.012678512373e-05 
-7.164670029463e-06 -1.006165962788e-03 2.007096250349e-06 -1.644771151601e-03 -3.763743289456e-05 -2.333264140867e-05 -9.676711798076e-06 
-7.289103830809e-06 -1.006333475886e-03 2.040196434266e-06 -1.644772251771e-03 -3.778316202675e-05 -2.334260264665e-05 -9.216275523828e-06 
-7.292707980083e-06 -1.006334358381e-03 2.041044503275e-06 -1.644772709328e-03 -3.789977405220e-05 -2.333428134271e-05 -8.750207892665e-06 
-7.257484600775e-06 -1.006286059126e-03 2.031769785814e-06 -1.644772764592e-03 -3.800423478776e-05 -2.331843888951e-05 -8.282069168193e-06 
-7.226907218394e-06 -1.006246001730e-03 2.023916767413e-06 -1.644772676087e-03 -3.810542579875e-05 -2.330064888014e-05 -7.813373970611e-06 
-7.212032487583e-06 -1.006227154881e-03 2.020342094806e-06 -1.644772586943e-03 -3.820556744918e-05 -2.328227983954e-05 -7.344371640720e-06 
-7.208816384744e-06 -1.006223359627e-03 2.019909903964e-06 -1.644772539543e-03 -3.830380682464e-05 -2.326278747218e-05 -6.874882712686e-06 
-7.210552691873e-06 -1.006225717008e-03 2.020807410880e-06 -1.644772526783e-03 -3.839875884587e-05 -2.324131116811e-05 -6.404732899760e-06 
-7.212901177783e-06 -1.006228700325e-03 2.021869704953e-06 -1.644772530281e-03 -3.848952620232e-05 -2.321730331578e-05 -5.933863392803e-06 
-7.214285057659e-06 -1.006230379505e-03 2.022674971732e-06 -1.644772536946e-03 -3.857577708269e-05 -2.319057004223e-05 -5.462300900923e-06 
-7.214703643769e-06 -1.006230799258e-03 2.023223130699e-06 -1.644772541399e-03 -3.865750197967e-05 -2.316111632962e-05 -4.990106490706e-06 
-7.214630500817e-06 -1.006230570241e-03 2.023640351250e-06 -1.644772543080e-03 -3.873478867965e-05 -2.312900587876e-05 -4.517345093891e-06 
-7.214458546471e-06 -1.006230184430e-03 2.024030630675e-06 -1.644772543126e-03 -3.880770892497e-05 -2.309429163755e-05 -4.044075975978e-06 
-7.214371552624e-06 -1.006229867199e-03 2.024441563501e-06 -1.644772542644e-03 -3.887629212068e-05 -2.305700026318e-05 -3.570353437180e-06 
-7.214404187495e-06 -1.006229658633e-03 2.024880584546e-06 -1.644772542210e-03 -3.894053759598e-05 -2.301714002024e-05 -3.096229682758e-06 
-7.214530215154e-06 -1.006229524907e-03 2.025338741830e-06 -1.644772541974e-03 -3.900043266394e-05 -2.297471193948e-05 -2.621756682045e-06 
-7.214717518227e-06 -1.006229426244e-03 2.025805543667e-06 -1.644772541886e-03 -3.905596390972e-05 -2.292971667991e-05 -2.146986760978e-06 
-7.214947238900e-06 -1.006229339974e-03 2.026274138597e-06 -1.644772541860e-03 -3.910712112727e-05 -2.288215687085e-05 -1.671972555144e-06 
-7.215213156248e-06 -1.006229259327e-03 2.026741158538e-06 -1.644772541842e-03 -3.915389719631e-05 -2.283203700182e-05 -1.196766835096e-06 
-7.215515443889e-06 -1.006229185563e-03 2.027205038761e-06 -1.644772541810e-03 -3.919628680079e-05 -2.277936263418e-05 -7.214224042357e-07 
-7.215855690617e-06 -1.006229121800e-03 2.027664677494e-06 -1.644772541764e-03 -3.923428540514e-05 -2.272413978342e-05 -2.459920773405e-07 
-7.216234649158e-06 -1.006229070275e-03 2.028118834289e-06 -1.644772541712e-03 -3.926788879183e-05 -2.266637464437e-05 2.294713067453e-07 
-7.216651866607e-06 -1.006229031901e-03 2.028566038485e-06 -1.644772541657e-03 -3.929709298666e-05 -2.260607354879e-05 7.049148721440e-07 
-7.217106056917e-06 -1.006229006734e-03 2.029004698719e-06 -1.644772541602e-03 -3.932189433734e-05 -2.254324301294e-05 1.180285702919e-06 
