0.000000000000e+00 -1.145232745901e-03 -5.421010862428e-20 0.000000000000e+00 0.000000000000e+00 0.000000000000e+00 0.000000000000e+00 0.000000000000e+00 0.000000000000e+00 0.000000000000e+00 0.000000000000e+00 0.000000000000e+00 0.000000000000e+00 0.000000000000e+00 0.000000000000e+00 0.000000000000e+00 0.000000000000e+00 0.000000000000e+00 0.000000000000e+00 -3.837011574558e-03 -2.123148138998e-03 1.006895613181e-04 
2.886004189939e-04 -9.392723651404e-04 4.544406096764e-04 8.237934427256e-03 -8.350894451199e-03 -8.726613783342e-03 8.726613783342e-03 -8.726613783342e-03 8.726613783342e-03 8.726642871428e-03 -8.726642871428e-03 8.726642871428e-03 -8.726642871428e-03 8.727515389051e-03 8.727515389051e-03 8.722362069938e-03 -8.722362069938e-03 8.722748651560e-03 8.733049100173e-03 -3.979341788317e-03 -3.968409295260e-04 -7.686832066451e-04 
1.434275886611e-04 -9.792322603388e-04 2.338172074758e-04 8.796882770700e-03 -8.632331758507e-03 -8.726093630428e-03 8.726093630428e-03 -8.726093630428e-03 8.726093630428e-03 8.726029751074e-03 -8.726029751074e-03 8.726029751074e-03 -8.726029751074e-03 8.729659750692e-03 8.729659750692e-03 8.730921670891e-03 -8.730921670891e-03 4.944717764553e-03 8.549935235698e-03 -3.728679922793e-03 -1.009274791418e-03 -2.000095145730e-04 
1.613339703479e-05 -1.079020108978e-03 4.549475511986e-05 8.390142748335e-03 -8.250040884538e-03 -6.457658259833e-03 6.457658259833e-03 -6.457658259833e-03 6.457658259833e-03 6.457612300777e-03 -6.457612300777e-03 6.457612300777e-03 -6.457612300777e-03 8.728126545633e-03 8.728126545633e-03 6.412701176184e-03 -6.412701176184e-03 2.058495949035e-03 4.491735636110e-03 -3.714068947607e-03 -1.683551139176e-03 2.460823812011e-04 
-2.363990541961e-05 -1.110124993361e-03 -1.226551688184e-05 4.948746074605e-03 -4.927438719656e-03 -3.400560693001e-03 3.400560693001e-03 -3.400560693001e-03 3.400560693001e-03 3.400592993530e-03 -3.400592993530e-03 3.400592993530e-03 -3.400592993530e-03 8.726889923987e-03 8.726889923987e-03 3.879185165314e-03 -3.879185165314e-03 4.948702511975e-04 2.393186957269e-03 -3.674159999171e-03 -2.024444492378e-03 2.163739033118e-04 
-2.054780234314e-05 -1.155759400015e-03 -1.029380750835e-05 2.778381166387e-03 -2.800972894911e-03 -1.784732688525e-03 1.784732688525e-03 -1.784732688525e-03 1.784732688525e-03 1.784757833715e-03 -1.784757833715e-03 1.784757833715e-03 -1.784757833715e-03 8.726570701826e-03 8.726570701826e-03 2.567800030132e-03 -2.567800030132e-03 -3.538645821969e-04 1.303568191577e-03 -3.800903932021e-03 -2.213354896330e-03 7.948627137715e-05 
-1.203639409185e-05 -1.169773716500e-03 5.697913701975e-07 1.820207846420e-03 -1.834989757335e-03 -9.348347612340e-04 9.348347612340e-04 -9.348347612340e-04 9.348347612340e-04 9.348458589538e-04 -9.348458589538e-04 9.348458589538e-04 -9.348458589538e-04 8.726636726924e-03 8.726636726924e-03 1.897258952309e-03 -1.897258952309e-03 -8.149683039737e-04 7.284909477579e-04 -3.844463171543e-03 -2.277763993185e-03 -3.144526823393e-05 
-8.345479644360e-06 -1.162094792327e-03 5.860666685118e-06 1.431861428066e-03 -1.434718469674e-03 -4.881791113989e-04 4.881791113989e-04 -4.881791113989e-04 4.881791113989e-04 4.881842619106e-04 -4.881842619106e-04 4.881842619106e-04 -4.881842619106e-04 8.726729909397e-03 8.726729909397e-03 1.548965660441e-03 -1.548965660441e-03 -1.057659573690e-03 4.228086948844e-04 -3.809316748294e-03 -2.291360665690e-03 -1.018621439114e-04 
-8.041431725907e-06 -1.152149455979e-03 6.729821314867e-06 1.273224698460e-03 -1.271662743111e-03 -2.529280322686e-04 2.529280322686e-04 -2.529280322686e-04 2.529280322686e-04 2.529306776211e-04 -2.529306776211e-04 2.529306776211e-04 -2.529306776211e-04 8.726767430818e-03 8.726767430818e-03 1.362749237171e-03 -1.362749237171e-03 -1.180773838255e-03 2.610599623707e-04 -3.760178638641e-03 -2.301538347327e-03 -1.495170031575e-04 
-8.585649740371e-06 -1.146859749453e-03 6.266932851723e-06 1.203957569950e-03 -1.202437289128e-03 -1.286859367963e-04 1.286859367963e-04 -1.286859367963e-04 1.286859367963e-04 1.286873411954e-04 -1.286873411954e-04 1.286873411954e-04 -1.286873411954e-04 8.726769978564e-03 8.726769978564e-03 1.261580806147e-03 -1.261580806147e-03 -1.242303234956e-03 1.761407736927e-04 -3.724166539922e-03 -2.320268298931e-03 -1.897871130365e-04 
-8.941710218379e-06 -1.145272290611e-03 5.878271631495e-06 1.171868206457e-03 -1.171262633911e-03 -6.298570150580e-05 6.298570150580e-05 -6.298570150580e-05 6.298570150580e-05 6.298644790283e-05 -6.298644790283e-05 6.298644790283e-05 -6.298644790283e-05 8.726762492572e-03 8.726762492572e-03 1.206888596866e-03 -1.206888596866e-03 -1.273541140091e-03 1.316679789354e-04 -3.700062274153e-03 -2.344558002584e-03 -2.290679002614e-04 
-9.038058185631e-06 -1.145134335935e-03 5.758813248324e-06 1.156983319316e-03 -1.156897931811e-03 -2.825513933854e-05 2.825513933854e-05 -2.825513933854e-05 2.825513933854e-05 2.825553425669e-05 -2.825553425669e-05 2.825553425669e-05 -2.825553425669e-05 8.726753996197e-03 8.726753996197e-03 1.177795324570e-03 -1.177795324570e-03 -1.289943131633e-03 1.082091403954e-04 -3.680674814165e-03 -2.370233542802e-03 -2.685884018887e-04 
-9.028564944647e-06 -1.145231504928e-03 5.765583668069e-06 1.150401690360e-03 -1.150448338319e-03 -9.913256026734e-06 9.913256026734e-06 -9.913256026734e-06 9.913256026734e-06 9.913464460374e-06 -9.913464460374e-06 9.913464460374e-06 -9.913464460374e-06 8.726744739240e-03 8.726744739240e-03 1.162531110278e-03 -1.162531110278e-03 -1.298823242368e-03 9.562006889229e-05 -3.661784852895e-03 -2.395486081481e-03 -3.081364212942e-04 
-8.824009618776e-06 -1.145267108511e-03 5.790244888518e-06 1.147665451477e-03 -1.147694553920e-03 -2.886215152993e-07 2.886215152993e-07 -2.886215152993e-07 2.886215152993e-07 2.887314578753e-07 -2.887314578753e-07 2.887314578753e-07 -2.887314578753e-07 4.937720327158e-03 4.937720327158e-03 1.154562490711e-03 -1.154562490711e-03 -1.303724731445e-03 8.861035136734e-05 -3.642292311728e-03 -2.420126621065e-03 -3.475374325435e-04 
-8.994099062878e-06 -1.145241805682e-03 5.805213549589e-06 1.146562487850e-03 -1.146515277564e-03 4.815199678539e-06 -4.815199678539e-06 4.815199678539e-06 -4.815199678539e-06 -4.815141684741e-06 4.815141684741e-06 -4.815141684741e-06 4.815141684741e-06 2.534802608243e-03 2.534802608243e-03 1.150372808178e-03 -1.150372808178e-03 -1.306485974502e-03 8.460491795971e-05 -3.622032747376e-03 -2.444262239634e-03 -3.867449525474e-04 
-9.084740680764e-06 -1.145197733358e-03 5.807352570237e-06 1.146052631113e-03 -1.146048919399e-03 7.580174496975e-06 -7.580174496975e-06 7.580174496975e-06 -7.580174496975e-06 -7.580143899033e-06 7.580143899033e-06 -7.580143899033e-06 7.580143899033e-06 1.264477017015e-03 1.264477017015e-03 1.148132205530e-03 -1.148132205530e-03 -1.308079613661e-03 8.222388249294e-05 -3.601244430775e-03 -2.468040799153e-03 -4.258424585900e-04 
-9.075873455945e-06 -1.145167511884e-03 5.804750374667e-06 1.145793602749e-03 -1.145813778031e-03 9.063345229605e-06 -9.063345229605e-06 9.063345229605e-06 -9.063345229605e-06 -9.063329086457e-06 9.063329086457e-06 -9.063329086457e-06 9.063329086457e-06 5.915629301850e-04 5.915629301850e-04 1.146917309333e-03 -1.146917309333e-03 -1.309038152238e-03 8.063841359516e-05 -3.580046746378e-03 -2.491530968054e-03 -4.648745534812e-04 
-9.042196078868e-06 -1.145153074339e-03 5.802343662681e-06 1.145648712794e-03 -1.145664536751e-03 9.843389248640e-06 -9.843389248640e-06 9.843389248640e-06 -9.843389248640e-06 -9.843380732097e-06 9.843380732097e-06 -9.843380732097e-06 9.843380732097e-06 2.337388809559e-04 2.337388809559e-04 1.146250692739e-03 -1.146250692739e-03 -1.309651241622e-03 7.943751340404e-05 -3.558435853460e-03 -2.514726173613e-03 -5.038485842843e-04 
-9.019291832841e-06 -1.145146256756e-03 5.801138285809e-06 1.145556792130e-03 -1.145563065474e-03 1.025054276562e-05 -1.025054276562e-05 1.025054276562e-05 -1.025054276562e-05 -1.025053827266e-05 1.025053827266e-05 -1.025053827266e-05 1.025053827266e-05 4.208813734913e-05 4.208813734913e-05 1.145877156830e-03 -1.145877156830e-03 -1.310068418576e-03 7.843277823284e-05 -3.536381333780e-03 -2.537603524550e-03 -5.427582209477e-04 
-9.009521743222e-06 -1.145141316716e-03 5.800665210204e-06 1.145488953594e-03 -1.145490446428e-03 1.046620687217e-05 -1.046620687217e-05 1.046620687217e-05 -1.046620687217e-05 -1.046620450188e-05 1.046620450188e-05 -1.046620450188e-05 1.046620450188e-05 -6.194577740642e-05 -6.194577740642e-05 1.145658497300e-03 -1.145658497300e-03 -1.310364409711e-03 7.753340076109e-05 -3.513866944507e-03 -2.560148914982e-03 -5.815960323274e-04 
-9.006425236913e-06 -1.145136310773e-03 5.800428026485e-06 1.145431574269e-03 -1.145432421744e-03 1.058450752917e-05 -1.058450752917e-05 1.058450752917e-05 -1.058450752917e-05 -1.058450627870e-05 1.058450627870e-05 -1.058450627870e-05 1.058450627870e-05 -1.198099045942e-04 -1.198099045942e-04 1.145520674130e-03 -1.145520674130e-03 -1.310576704153e-03 7.669030919497e-05 -3.490890544727e-03 -2.582356845919e-03 -6.203562465462e-04 
-9.005454568622e-06 -1.145131047350e-03 5.800214607586e-06 1.145378519733e-03 -1.145380151561e-03 1.065256337846e-05 -1.065256337846e-05 1.065256337846e-05 -1.065256337846e-05 -1.065256271874e-05 1.065256271874e-05 -1.065256271874e-05 1.065256271874e-05 -1.533752344965e-04 -1.533752344965e-04 1.145424795949e-03 -1.145424795949e-03 -1.310724653793e-03 7.587522912892e-05 -3.467455393251e-03 -2.604224905124e-03 -6.590340069645e-04 
-9.004937549935e-06 -1.145125648109e-03 5.799986240658e-06 1.145327186038e-03 -1.145329567623e-03 1.069393216613e-05 -1.069393216613e-05 1.069393216613e-05 -1.069393216613e-05 -1.069393181805e-05 1.069393181805e-05 -1.069393181805e-05 1.069393181805e-05 -1.741840637676e-04 -1.741840637676e-04 1.145350697306e-03 -1.145350697306e-03 -1.310818500589e-03 7.507209270959e-05 -3.443565301916e-03 -2.625750786819e-03 -6.976245389797e-04 
-9.004555320332e-06 -1.145120137787e-03 5.799753026176e-06 1.145276498410e-03 -1.145279286818e-03 1.072066409842e-05 -1.072066409842e-05 1.072066409842e-05 -1.072066409842e-05 -1.072066391473e-05 1.072066391473e-05 -1.072066391473e-05 1.072066391473e-05 -1.883287849484e-04 -1.883287849484e-04 1.145287921658e-03 -1.145287921658e-03 -1.310863688029e-03 7.427221551943e-05 -3.419223587908e-03 -2.646931757758e-03 -7.361229019222e-04 
-9.004303071625e-06 -1.145114470740e-03 5.799523323197e-06 1.145225995826e-03 -1.145228960031e-03 1.073906667785e-05 -1.073906667785e-05 1.073906667785e-05 -1.073906667785e-05 -1.073906658089e-05 1.073906658089e-05 -1.073906658089e-05 1.073906658089e-05 -1.990263746168e-04 -1.990263746168e-04 1.145230999840e-03 -1.145230999840e-03 -1.310863077749e-03 7.347113582415e-05 -3.394433342849e-03 -2.667764921690e-03 -7.745240436644e-04 
-9.004165871577e-06 -1.145108602212e-03 5.799297584951e-06 1.145175463405e-03 -1.145178503672e-03 1.075246528302e-05 -1.075246528302e-05 1.075246528302e-05 -1.075246528302e-05 -1.075246523181e-05 1.075246523181e-05 -1.075246523181e-05 1.075246523181e-05 -2.079769091040e-04 -2.079769091040e-04 1.145177048942e-03 -1.145177048942e-03 -1.310818158561e-03 7.266665770752e-05 -3.369197716816e-03 -2.688247437216e-03 -8.128228881983e-04 
-9.004101791878e-06 -1.145102509941e-03 5.799073390102e-06 1.145124796515e-03 -1.145127876533e-03 1.076260006080e-05 -1.076260006080e-05 1.076260006080e-05 -1.076260006080e-05 -1.076260003373e-05 1.076260003373e-05 -1.076260003373e-05 1.076260003373e-05 -2.160803394548e-04 -2.160803394548e-04 1.145124548262e-03 -1.145124548262e-03 -1.310729712735e-03 7.185775875344e-05 -3.343519990884e-03 -2.708376567246e-03 -8.510143755103e-04 
-9.004073468539e-06 -1.145096187201e-03 5.798848777036e-06 1.145073946754e-03 -1.145077050131e-03 1.077037091501e-05 -1.077037091501e-05 1.077037091501e-05 -1.077037091501e-05 -1.077037090068e-05 1.077037090068e-05 -1.077037090068e-05 1.077037090068e-05 -2.238146311694e-04 -2.238146311694e-04 1.145072700541e-03 -1.145072700541e-03 -1.310598168145e-03 7.104402827465e-05 -3.317403551068e-03 -2.728149656483e-03 -8.890934674568e-04 
-9.004059199810e-06 -1.145089633095e-03 5.798622843396e-06 1.145022895207e-03 -1.145026011000e-03 1.077623984224e-05 -1.077623984224e-05 1.077623984224e-05 -1.077623984224e-05 -1.077623983462e-05 1.077623983462e-05 -1.077623983462e-05 1.077623983462e-05 -2.314352506100e-04 -2.314352506100e-04 1.145021091654e-03 -1.145021091654e-03 -1.310423780133e-03 7.022538251686e-05 -3.290851856546e-03 -2.747564107329e-03 -9.270551441600e-04 
-9.004049107611e-06 -1.145082847870e-03 5.798395318323e-06 1.144971637393e-03 -1.144974757701e-03 1.078044403488e-05 -1.078044403488e-05 1.078044403488e-05 -1.078044403488e-05 -1.078044403081e-05 1.078044403081e-05 -1.078044403081e-05 1.078044403081e-05 -2.390804108934e-04 -2.390804108934e-04 1.144969508674e-03 -1.144969508674e-03 -1.310206723534e-03 6.940191676412e-05 -3.263868425626e-03 -2.766617370405e-03 -9.648944016974e-04 
-9.004039117420e-06 -1.145075831845e-03 5.798166153170e-06 1.144920175234e-03 -1.144923294912e-03 1.078310585225e-05 -1.078310585225e-05 1.078310585225e-05 -1.078310585225e-05 -1.078310585005e-05 1.078310585005e-05 -1.078310585005e-05 1.078310585005e-05 -2.468266047982e-04 -2.468266047982e-04 1.144917843624e-03 -1.144917843624e-03 -1.309947139413e-03 6.857382531819e-05 -3.236456832974e-03 -2.785306943691e-03 -1.002606252160e-03 
-9.004027391927e-06 -1.145068585464e-03 5.797935344341e-06 1.144868513326e-03 -1.144871629327e-03 1.078428875480e-05 -1.078428875480e-05 1.078428875480e-05 -1.078428875480e-05 -1.078428875359e-05 1.078428875359e-05 -1.078428875359e-05 1.078428875359e-05 -2.547179113284e-04 -2.547179113284e-04 1.144866043220e-03 -1.144866043220e-03 -1.309645160978e-03 6.774135594235e-05 -3.208620709880e-03 -2.803630373713e-03 -1.040185724630e-03 
-9.004012928119e-06 -1.145061109395e-03 5.797702894309e-06 1.144816657414e-03 -1.144819767968e-03 1.078402581096e-05 -1.078402581096e-05 1.078402581096e-05 -1.078402581096e-05 -1.078402581028e-05 1.078402581028e-05 -1.078402581028e-05 1.078402581028e-05 -2.627814655414e-04 -2.627814655414e-04 1.144814082772e-03 -1.144814082772e-03 -1.309300925718e-03 6.690478612770e-05 -3.180363744277e-03 -2.821585256316e-03 -1.077627866135e-03 
-9.003995127000e-06 -1.145053404488e-03 5.797468812649e-06 1.144764613798e-03 -1.144767717800e-03 1.078233438727e-05 -1.078233438727e-05 1.078233438727e-05 -1.078233438727e-05 -1.078233438685e-05 1.078233438685e-05 -1.078233438685e-05 1.078233438685e-05 -2.710356283179e-04 -2.710356283179e-04 1.144761952606e-03 -1.144761952606e-03 -1.308914582334e-03 6.606440971835e-05 -3.151689680214e-03 -2.839169236940e-03 -1.114927742416e-03 
-9.003973643011e-06 -1.145045471708e-03 5.797233118050e-06 1.144712389079e-03 -1.144715485750e-03 1.077922379028e-05 -1.077922379028e-05 1.077922379028e-05 -1.077922379028e-05 -1.077922379002e-05 1.077922379002e-05 -1.077922379002e-05 1.077922379002e-05 -2.794943050374e-04 -2.794943050374e-04 1.144709650946e-03 -1.144709650946e-03 -1.308486293800e-03 6.522052981905e-05 -3.122602317156e-03 -2.856380010757e-03 -1.152080438581e-03 
-9.003948291533e-06 -1.145037312085e-03 5.796995836164e-06 1.144659990020e-03 -1.144663078744e-03 1.077469924824e-05 -1.077469924824e-05 1.077469924824e-05 -1.077469924824e-05 -1.077469924806e-05 1.077469924806e-05 -1.077469924806e-05 1.077469924806e-05 -2.881692329324e-04 -2.881692329324e-04 1.144657180170e-03 -1.144657180170e-03 -1.308016240049e-03 6.437345410834e-05 -3.093105509349e-03 -2.873215322871e-03 -1.189081059748e-03 
-9.003918979641e-06 -1.145028926690e-03 5.796756996608e-06 1.144607423473e-03 -1.144610503724e-03 1.076876398019e-05 -1.076876398019e-05 1.076876398019e-05 -1.076876398019e-05 -1.076876398004e-05 1.076876398004e-05 -1.076876398004e-05 1.076876398004e-05 -2.970711972251e-04 -2.970711972251e-04 1.144604544829e-03 -1.144604544829e-03 -1.307504618076e-03 6.352349303071e-05 -3.063203165228e-03 -2.889672968566e-03 -1.225924731690e-03 
