0.000000000000e+00 -1.145232745901e-03 0.000000000000e+00 0.000000000000e+00 0.000000000000e+00 0.000000000000e+00 
-1.713082383635e-12 -9.517882664905e-03 -7.222505215748e-14 0.000000000000e+00 0.000000000000e+00 0.000000000000e+00 
1.086102636076e-12 -9.831953004069e-03 -2.659892355250e-13 0.000000000000e+00 0.000000000000e+00 0.000000000000e+00 
6.526072724015e-12 -9.828723385532e-03 -4.900458710850e-13 0.000000000000e+00 0.000000000000e+00 0.000000000000e+00 
-5.426356080896e-12 -9.812974395136e-03 -4.925233070215e-13 0.000000000000e+00 0.000000000000e+00 0.000000000000e+00 
3.921580806141e-12 -9.796595203804e-03 -6.681836138155e-13 0.000000000000e+00 0.000000000000e+00 0.000000000000e+00 
5.307443887467e-12 -9.780056624603e-03 -9.497405228043e-13 0.000000000000e+00 0.000000000000e+00 0.000000000000e+00 
-9.960235079252e-12 -9.763383996069e-03 -9.642193480082e-13 0.000000000000e+00 0.000000000000e+00 0.000000000000e+00 
7.244257460436e-12 -9.746584942647e-03 -9.641137098607e-13 0.000000000000e+00 0.000000000000e+00 0.000000000000e+00 
4.597873617449e-12 -9.729665803007e-03 -1.158525129266e-12 0.000000000000e+00 0.000000000000e+00 0.000000000000e+00 
1.061692104971e-11 -9.712632590279e-03 -1.364812592178e-12 0.000000000000e+00 0.000000000000e+00 0.000000000000e+00 
-1.476729121679e-11 -9.695490740628e-03 -1.469940795240e-12 0.000000000000e+00 0.000000000000e+00 0.000000000000e+00 
-2.631834518953e-11 -9.678245449201e-03 -1.909078298399e-12 0.000000000000e+00 0.000000000000e+00 0.000000000000e+00 
-7.131182776089e-12 -9.660901371523e-03 -2.078168924155e-12 0.000000000000e+00 0.000000000000e+00 0.000000000000e+00 
-4.604022466018e-12 -9.643462804068e-03 -2.163308373503e-12 0.000000000000e+00 0.000000000000e+00 0.000000000000e+00 
1.843402553117e-11 -9.625933524762e-03 -2.260110672846e-12 0.000000000000e+00 0.000000000000e+00 0.000000000000e+00 
-4.144093451739e-12 -9.608317011173e-03 -2.287143727897e-12 0.000000000000e+00 0.000000000000e+00 0.000000000000e+00 
-5.280150387352e-13 -9.590616394657e-03 -2.315669112561e-12 0.000000000000e+00 0.000000000000e+00 0.000000000000e+00 
-3.308076962012e-11 -1.079511053345e-02 -2.993093831921e-12 0.000000000000e+00 0.000000000000e+00 0.000000000000e+00 
-7.859300954838e-12 -3.508690510138e-03 -1.014709181876e-12 0.000000000000e+00 0.000000000000e+00 0.000000000000e+00 
1.701618814200e-11 -1.025317552282e-03 -2.875434156098e-13 0.000000000000e+00 0.000000000000e+00 0.000000000000e+00 
3.349880046756e-11 -8.020751027335e-04 -2.295870515502e-13 0.000000000000e+00 0.000000000000e+00 0.000000000000e+00 
6.165158999724e-11 -7.694114660138e-04 -3.463010783455e-13 0.000000000000e+00 0.000000000000e+00 0.000000000000e+00 
-4.077201012996e-11 -7.502383424311e-04 -2.187284465649e-13 0.000000000000e+00 0.000000000000e+00 0.000000000000e+00 
-7.445398316859e-13 -7.319190991215e-04 -2.432576968705e-13 0.000000000000e+00 0.000000000000e+00 0.000000000000e+00 
-2.572251641636e-11 -7.135917021728e-04 -2.462904092769e-13 0.000000000000e+00 0.000000000000e+00 0.000000000000e+00 
1.159559827133e-11 -6.951990086436e-04 -2.508803840882e-13 0.000000000000e+00 0.000000000000e+00 0.000000000000e+00 
-2.042575622275e-11 -6.767374094487e-04 -2.306030470907e-13 0.000000000000e+00 0.000000000000e+00 0.000000000000e+00 
-3.198256767637e-11 -6.582070455695e-04 -2.142149035973e-13 0.000000000000e+00 0.000000000000e+00 0.000000000000e+00 
3.116246868652e-11 -6.396081920682e-04 -2.243323414971e-13 0.000000000000e+00 0.000000000000e+00 0.000000000000e+00 
-2.203102883301e-11 -6.209403433690e-04 -2.209800167399e-13 0.000000000000e+00 0.000000000000e+00 0.000000000000e+00 
-1.766583697861e-11 -6.022041477665e-04 -2.181057448038e-13 0.000000000000e+00 0.000000000000e+00 0.000000000000e+00 
2.445792237807e-11 -5.833996472777e-04 -2.163504420214e-13 0.000000000000e+00 0.000000000000e+00 0.000000000000e+00 
-4.542087304351e-12 -5.645261974217e-04 -2.284155898402e-13 0.000000000000e+00 0.000000000000e+00 0.000000000000e+00 
-8.080535596022e-12 -5.455844888054e-04 -2.296291006770e-13 0.000000000000e+00 0.000000000000e+00 0.000000000000e+00 
2.693479323999e-11 -5.265746686060e-04 -2.366681200164e-13 0.000000000000e+00 0.000000000000e+00 0.000000000000e+00 
8.959609428293e-13 -5.074962584435e-04 -2.310783384175e-13 0.000000000000e+00 0.000000000000e+00 0.000000000000e+00 
