0.000000000000e+00 -2.353154676808e-05 0.000000000000e+00 0.000000000000e+00 0.000000000000e+00 0.000000000000e+00 
-2.243939214992e-03 5.750237166027e-03 -5.669526473360e-03 0.000000000000e+00 0.000000000000e+00 0.000000000000e+00 
-2.315993441456e-03 5.976494627267e-03 -5.891868458038e-03 0.000000000000e+00 0.000000000000e+00 0.000000000000e+00 
-2.327949920642e-03 5.976689352944e-03 -5.905436350977e-03 0.000000000000e+00 0.000000000000e+00 0.000000000000e+00 
-2.339897697215e-03 5.967049103424e-03 -5.911142148211e-03 0.000000000000e+00 0.000000000000e+00 0.000000000000e+00 
-2.353319804661e-03 5.956279581659e-03 -5.916662059051e-03 0.000000000000e+00 0.000000000000e+00 0.000000000000e+00 
-2.368597764074e-03 5.944541146011e-03 -5.922317985490e-03 0.000000000000e+00 0.000000000000e+00 0.000000000000e+00 
-2.386295710966e-03 5.931548998161e-03 -5.928167727760e-03 0.000000000000e+00 0.000000000000e+00 0.000000000000e+00 
-2.407302339216e-03 5.916830202075e-03 -5.934285424270e-03 0.000000000000e+00 0.000000000000e+00 0.000000000000e+00 
-2.433132461190e-03 5.899570889258e-03 -5.940796986061e-03 0.000000000000e+00 0.000000000000e+00 0.000000000000e+00 
-2.466700828621e-03 5.878188190801e-03 -5.947944739840e-03 0.000000000000e+00 0.000000000000e+00 0.000000000000e+00 
-2.514857164390e-03 5.848908311846e-03 -5.956296068984e-03 0.000000000000e+00 0.000000000000e+00 0.000000000000e+00 
-3.384253383472e-03 7.525729241998e-03 -7.734743420951e-03 0.000000000000e+00 0.000000000000e+00 0.000000000000e+00 
-5.521938624790e-04 1.099782262616e-03 -1.205800073465e-03 0.000000000000e+00 0.000000000000e+00 0.000000000000e+00 
-7.251599581532e-05 5.758057423012e-05 -1.351444981972e-04 0.000000000000e+00 0.000000000000e+00 0.000000000000e+00 
-2.822366986108e-06 -3.454660552519e-05 -2.572039528727e-05 0.000000000000e+00 0.000000000000e+00 0.000000000000e+00 
1.975656056273e-05 -1.931548567591e-05 -2.521362435619e-05 0.000000000000e+00 0.000000000000e+00 0.000000000000e+00 
1.735440570137e-05 -1.596732122347e-05 -2.913534945627e-05 0.000000000000e+00 0.000000000000e+00 0.000000000000e+00 
1.642178247859e-05 -1.662221077986e-05 -2.915538391668e-05 0.000000000000e+00 0.000000000000e+00 0.000000000000e+00 
1.652244539704e-05 -1.675147552435e-05 -2.901869790327e-05 0.000000000000e+00 0.000000000000e+00 0.000000000000e+00 
1.656849822048e-05 -1.672340935594e-05 -2.903763004400e-05 0.000000000000e+00 0.000000000000e+00 0.000000000000e+00 
1.656512422111e-05 -1.671107625978e-05 -2.906422496939e-05 0.000000000000e+00 0.000000000000e+00 0.000000000000e+00 
1.657053242654e-05 -1.670795064928e-05 -2.908316979744e-05 0.000000000000e+00 0.000000000000e+00 0.000000000000e+00 
1.657542491599e-05 -1.670299078451e-05 -2.910274414902e-05 0.000000000000e+00 0.000000000000e+00 0.000000000000e+00 
1.658021769420e-05 -1.669819028166e-05 -2.912260910410e-05 0.000000000000e+00 0.000000000000e+00 0.000000000000e+00 
1.658510112448e-05 -1.669336024098e-05 -2.914245092335e-05 0.000000000000e+00 0.000000000000e+00 0.000000000000e+00 
1.658996205372e-05 -1.668852355017e-05 -2.916231769952e-05 0.000000000000e+00 0.000000000000e+00 0.000000000000e+00 
1.659483074432e-05 -1.668368356070e-05 -2.918219584566e-05 0.000000000000e+00 0.000000000000e+00 0.000000000000e+00 
1.659970019682e-05 -1.667883836405e-05 -2.920208765873e-05 0.000000000000e+00 0.000000000000e+00 0.000000000000e+00 
1.660457173680e-05 -1.667398856357e-05 -2.922199279121e-05 0.000000000000e+00 0.000000000000e+00 0.000000000000e+00 
1.660944515862e-05 -1.666913400763e-05 -2.924191127492e-05 0.000000000000e+00 0.000000000000e+00 0.000000000000e+00 
1.661432048103e-05 -1.666427472134e-05 -2.926184311490e-05 0.000000000000e+00 0.000000000000e+00 0.000000000000e+00 
1.661919770453e-05 -1.665941069481e-05 -2.928178831197e-05 0.000000000000e+00 0.000000000000e+00 0.000000000000e+00 
1.662407682661e-05 -1.665454192409e-05 -2.930174686920e-05 0.000000000000e+00 0.000000000000e+00 0.000000000000e+00 
1.662895784651e-05 -1.664966840417e-05 -2.932171878814e-05 0.000000000000e+00 0.000000000000e+00 0.000000000000e+00 
1.663384076321e-05 -1.664479013102e-05 -2.934170407180e-05 0.000000000000e+00 0.000000000000e+00 0.000000000000e+00 
1.663872557527e-05 -1.663990709927e-05 -2.936170272143e-05 0.000000000000e+00 0.000000000000e+00 0.000000000000e+00 
