0.000000000000e+00 0.000000000000e+00 0.000000000000e+00 0.000000000000e+00 0.000000000000e+00 0.000000000000e+00 0.000000000000e+00 0.000000000000e+00 0.000000000000e+00 0.000000000000e+00 
0.000000000000e+00 0.000000000000e+00 0.000000000000e+00 0.000000000000e+00 0.000000000000e+00 0.000000000000e+00 0.000000000000e+00 0.000000000000e+00 0.000000000000e+00 0.000000000000e+00 
0.000000000000e+00 0.000000000000e+00 0.000000000000e+00 0.000000000000e+00 0.000000000000e+00 0.000000000000e+00 0.000000000000e+00 0.000000000000e+00 0.000000000000e+00 0.000000000000e+00 
0.000000000000e+00 0.000000000000e+00 0.000000000000e+00 0.000000000000e+00 0.000000000000e+00 0.000000000000e+00 0.000000000000e+00 0.000000000000e+00 0.000000000000e+00 0.000000000000e+00 
0.000000000000e+00 0.000000000000e+00 0.000000000000e+00 0.000000000000e+00 0.000000000000e+00 0.000000000000e+00 0.000000000000e+00 0.000000000000e+00 0.000000000000e+00 0.000000000000e+00 
0.000000000000e+00 0.000000000000e+00 0.000000000000e+00 0.000000000000e+00 0.000000000000e+00 0.000000000000e+00 0.000000000000e+00 0.000000000000e+00 0.000000000000e+00 0.000000000000e+00 
0.000000000000e+00 0.000000000000e+00 0.000000000000e+00 0.000000000000e+00 0.000000000000e+00 0.000000000000e+00 0.000000000000e+00 0.000000000000e+00 0.000000000000e+00 0.000000000000e+00 
0.000000000000e+00 0.000000000000e+00 0.000000000000e+00 0.000000000000e+00 0.000000000000e+00 0.000000000000e+00 0.000000000000e+00 0.000000000000e+00 0.000000000000e+00 0.000000000000e+00 
0.000000000000e+00 0.000000000000e+00 0.000000000000e+00 0.000000000000e+00 0.000000000000e+00 0.000000000000e+00 0.000000000000e+00 0.000000000000e+00 0.000000000000e+00 0.000000000000e+00 
0.000000000000e+00 0.000000000000e+00 0.000000000000e+00 0.000000000000e+00 0.000000000000e+00 0.000000000000e+00 0.000000000000e+00 0.000000000000e+00 0.000000000000e+00 0.000000000000e+00 
0.000000000000e+00 0.000000000000e+00 0.000000000000e+00 0.000000000000e+00 0.000000000000e+00 0.000000000000e+00 0.000000000000e+00 0.000000000000e+00 0.000000000000e+00 0.000000000000e+00 
0.000000000000e+00 0.000000000000e+00 0.000000000000e+00 0.000000000000e+00 0.000000000000e+00 0.000000000000e+00 0.000000000000e+00 0.000000000000e+00 0.000000000000e+00 0.000000000000e+00 
0.000000000000e+00 0.000000000000e+00 0.000000000000e+00 0.000000000000e+00 0.000000000000e+00 0.000000000000e+00 0.000000000000e+00 0.000000000000e+00 0.000000000000e+00 0.000000000000e+00 
0.000000000000e+00 0.000000000000e+00 0.000000000000e+00 0.000000000000e+00 0.000000000000e+00 0.000000000000e+00 0.000000000000e+00 0.000000000000e+00 0.000000000000e+00 0.000000000000e+00 
0.000000000000e+00 0.000000000000e+00 0.000000000000e+00 0.000000000000e+00 0.000000000000e+00 0.000000000000e+00 0.000000000000e+00 0.000000000000e+00 0.000000000000e+00 0.000000000000e+00 
0.000000000000e+00 0.000000000000e+00 0.000000000000e+00 0.000000000000e+00 0.000000000000e+00 0.000000000000e+00 0.000000000000e+00 0.000000000000e+00 0.000000000000e+00 0.000000000000e+00 
0.000000000000e+00 0.000000000000e+00 0.000000000000e+00 0.000000000000e+00 0.000000000000e+00 0.000000000000e+00 0.000000000000e+00 0.000000000000e+00 0.000000000000e+00 0.000000000000e+00 
0.000000000000e+00 0.000000000000e+00 0.000000000000e+00 0.000000000000e+00 0.000000000000e+00 0.000000000000e+00 0.000000000000e+00 0.000000000000e+00 0.000000000000e+00 0.000000000000e+00 
0.000000000000e+00 0.000000000000e+00 0.000000000000e+00 0.000000000000e+00 0.000000000000e+00 0.000000000000e+00 0.000000000000e+00 0.000000000000e+00 0.000000000000e+00 0.000000000000e+00 
0.000000000000e+00 0.000000000000e+00 0.000000000000e+00 0.000000000000e+00 0.000000000000e+00 0.000000000000e+00 0.000000000000e+00 0.000000000000e+00 0.000000000000e+00 0.000000000000e+00 
0.000000000000e+00 0.000000000000e+00 0.000000000000e+00 0.000000000000e+00 0.000000000000e+00 0.000000000000e+00 0.000000000000e+00 0.000000000000e+00 0.000000000000e+00 0.000000000000e+00 
3.694457746859e-03 -2.092442030787e-02 5.676388137782e-02 7.521352232856e-03 -1.927076083082e-03 7.666813513339e-03 5.341693678034e-03 4.753982282419e-03 2.126200599471e-03 1.047113854005e-03 
-5.151007695742e-02 -4.690258845189e-02 5.875536815837e-02 -1.672906257435e-03 -1.478546092359e-03 -2.017792446607e-02 -1.045871580932e-02 1.433470028583e-02 1.558339602317e-04 9.890064988167e-03 
-2.145076741171e-02 -6.137316041987e-03 1.114619679668e-02 -2.757499106529e-02 -2.544783008285e-02 -6.538084362002e-04 -5.518473052953e-03 2.026770949006e-03 -6.809441310526e-04 5.151809782256e-03 
1.733170953995e-02 1.050715887144e-02 -1.214138133160e-02 1.106159507238e-02 1.198147547884e-02 -4.112557423673e-03 -4.353120347336e-03 -2.218166186596e-03 -4.079234845955e-04 -4.537358388401e-03 
-4.299496755346e-04 -5.394929849401e-04 1.143765320795e-03 -5.038800490871e-03 -5.015575055116e-03 -4.154615231598e-03 -4.210346755522e-03 7.442162783782e-05 6.972845291222e-05 1.390816376546e-04 
3.943877323351e-05 -2.096483047441e-04 1.006070037812e-03 -4.723250258236e-03 -4.664689494981e-03 -4.050777865379e-03 -4.108711243767e-03 6.850729038406e-06 5.103063017462e-05 1.389897758429e-05 
4.945152929794e-06 -2.309600491453e-04 9.787130598019e-04 -4.409374921404e-03 -4.400921509241e-03 -4.074203928889e-03 -4.054758699301e-03 1.147446822894e-05 5.179606458440e-05 2.282414729732e-05 
7.796106050303e-06 -2.290239893803e-04 9.807689854174e-04 -4.421069744734e-03 -4.457759077354e-03 -4.038578176531e-03 -4.014362297745e-03 1.091923758685e-05 5.172172811557e-05 2.208350125287e-05 
7.244544071023e-06 -2.348482945754e-04 1.007064184337e-03 -4.594373198198e-03 -4.547938571867e-03 -4.235969980408e-03 -4.195649658588e-03 1.111843434151e-05 5.297788601816e-05 2.280596009983e-05 
2.511717730671e-05 -2.300075082739e-04 1.010491509593e-03 -4.699929873758e-03 -4.656700054292e-03 -4.054905843992e-03 -4.134849670723e-03 8.822099692852e-06 5.397654229227e-05 1.883079506606e-05 
2.586810605083e-05 -2.317623154891e-04 1.004004563258e-03 -4.667968750633e-03 -4.615944062559e-03 -4.008787285903e-03 -4.075396026749e-03 8.670591162625e-06 5.447397752327e-05 1.887696304109e-05 
2.460876768513e-05 -2.318476746149e-04 1.003542029453e-03 -4.664030795281e-03 -4.629328134984e-03 -4.018068868577e-03 -4.026543803427e-03 8.647142281113e-06 5.437076804474e-05 1.914366715265e-05 
1.607651007754e-05 -2.402802698226e-04 1.022218124609e-03 -4.701005192930e-03 -4.672465018262e-03 -4.186444697310e-03 -4.208862448015e-03 9.793049596504e-06 5.529826115195e-05 2.169711693558e-05 
1.786433052115e-05 -2.408736077876e-04 1.023787155010e-03 -4.736535684521e-03 -4.680916617960e-03 -4.197589594821e-03 -4.173687342716e-03 9.460968302420e-06 5.565791271728e-05 2.142168662441e-05 
1.170233183638e-05 -2.469014206230e-04 9.986513244423e-04 -4.541601417307e-03 -4.487676439269e-03 -4.083753312509e-03 -4.048273108111e-03 1.022226964408e-05 5.632715330361e-05 2.326661790607e-05 
5.296354138154e-06 -2.525514286448e-04 1.006055689799e-03 -4.536509832071e-03 -4.482496365539e-03 -4.188003256732e-03 -4.124644888311e-03 1.098185380461e-05 5.688927990492e-05 2.512271753350e-05 
