0.000000000000e+00 0.000000000000e+00 0.000000000000e+00 0.000000000000e+00 0.000000000000e+00 0.000000000000e+00 
-2.061787544164e-02 -3.820183626278e-03 -6.691588498619e-02 0.000000000000e+00 0.000000000000e+00 0.000000000000e+00 
-2.919324988960e-02 2.166348406726e-02 -8.941356062760e-02 0.000000000000e+00 0.000000000000e+00 0.000000000000e+00 
-1.064540329499e-02 1.343123646595e-02 -5.385929626085e-02 0.000000000000e+00 0.000000000000e+00 0.000000000000e+00 
1.441811920904e-02 7.162424994019e-03 -2.665264621411e-02 0.000000000000e+00 0.000000000000e+00 0.000000000000e+00 
1.134555002639e-02 1.930706631548e-04 -1.027474538463e-02 0.000000000000e+00 0.000000000000e+00 0.000000000000e+00 
-4.887560082072e-04 -3.831140886399e-03 -2.377051556536e-03 0.000000000000e+00 0.000000000000e+00 0.000000000000e+00 
-6.721558239734e-03 -6.198528804428e-03 1.363583030415e-03 0.000000000000e+00 0.000000000000e+00 0.000000000000e+00 
-8.311413998098e-03 -5.765715628880e-03 2.418262340237e-03 0.000000000000e+00 0.000000000000e+00 0.000000000000e+00 
-8.311400450822e-03 -5.253046810014e-03 2.689724475040e-03 0.000000000000e+00 0.000000000000e+00 0.000000000000e+00 
-8.406457978753e-03 -5.022042612412e-03 2.761235039667e-03 0.000000000000e+00 0.000000000000e+00 0.000000000000e+00 
-8.472579375047e-03 -4.969177425767e-03 2.730346082619e-03 0.000000000000e+00 0.000000000000e+00 0.000000000000e+00 
-8.511055981485e-03 -4.987998841175e-03 2.661474145815e-03 0.000000000000e+00 0.000000000000e+00 0.000000000000e+00 
-8.531006369571e-03 -5.030385653114e-03 2.581308452794e-03 0.000000000000e+00 0.000000000000e+00 0.000000000000e+00 
-8.541700960862e-03 -5.074628631829e-03 2.500461270840e-03 0.000000000000e+00 0.000000000000e+00 0.000000000000e+00 
-8.550182647703e-03 -5.110445480872e-03 2.423322807907e-03 0.000000000000e+00 0.000000000000e+00 0.000000000000e+00 
-8.560734038567e-03 -5.125029221962e-03 2.357693653913e-03 0.000000000000e+00 0.000000000000e+00 0.000000000000e+00 
-5.836757718300e-03 -3.785755255258e-03 1.447867175295e-03 0.000000000000e+00 0.000000000000e+00 0.000000000000e+00 
1.819312109746e-03 1.665493010636e-04 -1.350277407838e-03 0.000000000000e+00 0.000000000000e+00 0.000000000000e+00 
1.226861090327e-02 4.461859116289e-03 -3.967785617176e-03 0.000000000000e+00 0.000000000000e+00 0.000000000000e+00 
2.120997452472e-02 8.464670990826e-03 -7.102076091134e-03 0.000000000000e+00 0.000000000000e+00 0.000000000000e+00 
1.238146445293e-02 3.164428605567e-03 -4.880685566867e-03 0.000000000000e+00 0.000000000000e+00 0.000000000000e+00 
6.769449489712e-03 -3.903698756898e-04 -2.612528028379e-03 0.000000000000e+00 0.000000000000e+00 0.000000000000e+00 
4.422676012175e-03 -2.047922489860e-03 -1.788215858368e-03 0.000000000000e+00 0.000000000000e+00 0.000000000000e+00 
3.888785875177e-03 -2.416510373869e-03 -1.295907297897e-03 0.000000000000e+00 0.000000000000e+00 0.000000000000e+00 
3.669454960509e-03 -2.684190530493e-03 -1.178847484752e-03 0.000000000000e+00 0.000000000000e+00 0.000000000000e+00 
3.650738968513e-03 -2.806675694802e-03 -1.087265505789e-03 0.000000000000e+00 0.000000000000e+00 0.000000000000e+00 
3.014054670690e-03 -2.567420857116e-03 -8.299087952407e-04 0.000000000000e+00 0.000000000000e+00 0.000000000000e+00 
3.052067190825e-03 -2.592952915677e-03 -7.835094473654e-04 0.000000000000e+00 0.000000000000e+00 0.000000000000e+00 
2.327066733116e-03 -2.233806233989e-03 -5.047304170638e-04 0.000000000000e+00 0.000000000000e+00 0.000000000000e+00 
2.364019431484e-03 -2.235077160818e-03 -4.781099089046e-04 0.000000000000e+00 0.000000000000e+00 0.000000000000e+00 
1.493021414912e-03 -1.801443975819e-03 -1.828488274785e-04 0.000000000000e+00 0.000000000000e+00 0.000000000000e+00 
1.544083301992e-03 -1.801848070163e-03 -1.571257511288e-04 0.000000000000e+00 0.000000000000e+00 0.000000000000e+00 
-8.297402749653e-04 -4.267076605688e-04 7.667805617823e-04 0.000000000000e+00 0.000000000000e+00 0.000000000000e+00 
-3.558255892403e-03 6.319261655181e-04 1.370414224239e-03 0.000000000000e+00 0.000000000000e+00 0.000000000000e+00 
-4.511706368048e-03 1.222245962686e-03 1.876523131748e-03 0.000000000000e+00 0.000000000000e+00 0.000000000000e+00 
-6.225041228375e-03 2.077218190897e-03 2.403676673929e-03 0.000000000000e+00 0.000000000000e+00 0.000000000000e+00 
