0.000000000000e+00 2.588190451025e-01 0.000000000000e+00 9.659258262891e-01 0.000000000000e+00 0.000000000000e+00 0.000000000000e+00 
2.449617129930e-02 2.781214839914e-01 1.422644990229e-02 9.601281090861e-01 0.000000000000e+00 0.000000000000e+00 0.000000000000e+00 
5.176825582519e-02 2.992775740333e-01 3.007634587851e-02 9.522858787088e-01 0.000000000000e+00 0.000000000000e+00 0.000000000000e+00 
7.896263770316e-02 3.199836779809e-01 4.588110779239e-02 9.430112786285e-01 0.000000000000e+00 0.000000000000e+00 0.000000000000e+00 
1.060382530039e-01 3.402084990154e-01 6.161686058768e-02 9.323183086205e-01 0.000000000000e+00 0.000000000000e+00 0.000000000000e+00 
1.329543776683e-01 3.599216172592e-01 7.725993633463e-02 9.202230518336e-01 0.000000000000e+00 0.000000000000e+00 0.000000000000e+00 
1.596705275342e-01 3.790933824902e-01 9.278680650429e-02 9.067437005724e-01 0.000000000000e+00 0.000000000000e+00 0.000000000000e+00 
1.861465192184e-01 3.976949587275e-01 1.081741173509e-01 8.919005289386e-01 0.000000000000e+00 0.000000000000e+00 0.000000000000e+00 
2.123425305564e-01 4.156983676034e-01 1.233987250379e-01 8.757158623365e-01 0.000000000000e+00 0.000000000000e+00 0.000000000000e+00 
2.382191604980e-01 4.330765304453e-01 1.384377304483e-01 8.582140438943e-01 0.000000000000e+00 0.000000000000e+00 0.000000000000e+00 
2.637374883704e-01 4.498033090043e-01 1.532685136267e-01 8.394213978495e-01 0.000000000000e+00 0.000000000000e+00 0.000000000000e+00 
2.888591324175e-01 4.658535447694e-01 1.678687678020e-01 8.193661899551e-01 0.000000000000e+00 0.000000000000e+00 0.000000000000e+00 
3.135463075299e-01 4.812030968080e-01 1.822165329384e-01 7.980785849656e-01 0.000000000000e+00 0.000000000000e+00 0.000000000000e+00 
3.384577658464e-01 4.930769520412e-01 1.951158477119e-01 7.773360059046e-01 0.000000000000e+00 0.000000000000e+00 0.000000000000e+00 
3.677153724864e-01 4.858398354360e-01 1.997500157460e-01 7.673623592216e-01 0.000000000000e+00 0.000000000000e+00 0.000000000000e+00 
3.967529769363e-01 4.774962302426e-01 2.039126570133e-01 7.569703123017e-01 0.000000000000e+00 0.000000000000e+00 0.000000000000e+00 
4.253770585190e-01 4.686629297606e-01 2.078666281701e-01 7.457887644952e-01 0.000000000000e+00 0.000000000000e+00 0.000000000000e+00 
4.535584514182e-01 4.593471952794e-01 2.116071433129e-01 7.338305677982e-01 0.000000000000e+00 0.000000000000e+00 0.000000000000e+00 
4.812679330916e-01 4.495585859091e-01 2.151304394899e-01 7.211082778738e-01 0.000000000000e+00 0.000000000000e+00 0.000000000000e+00 
5.084767662380e-01 4.393071811699e-01 2.184329929163e-01 7.076352212647e-01 0.000000000000e+00 0.000000000000e+00 0.000000000000e+00 
5.351567370977e-01 4.286035388461e-01 2.215115048886e-01 6.934255017156e-01 0.000000000000e+00 0.000000000000e+00 0.000000000000e+00 
5.612801844175e-01 4.174586845222e-01 2.243629056622e-01 6.784939851319e-01 0.000000000000e+00 0.000000000000e+00 0.000000000000e+00 
5.868200280452e-01 4.058840999471e-01 2.269843576517e-01 6.628562841798e-01 0.000000000000e+00 0.000000000000e+00 0.000000000000e+00 
6.117497969153e-01 3.938917109583e-01 2.293732583833e-01 6.465287420919e-01 0.000000000000e+00 0.000000000000e+00 0.000000000000e+00 
6.360436563988e-01 3.814938749683e-01 2.315272431928e-01 6.295284157019e-01 0.000000000000e+00 0.000000000000e+00 0.000000000000e+00 
6.596764349881e-01 3.687033680221e-01 2.334441876686e-01 6.118730577288e-01 0.000000000000e+00 0.000000000000e+00 0.000000000000e+00 
6.826236502916e-01 3.555333714395e-01 2.351222098383e-01 5.935810983313e-01 0.000000000000e+00 0.000000000000e+00 0.000000000000e+00 
7.048615343082e-01 3.419974580525e-01 2.365596720995e-01 5.746716259522e-01 0.000000000000e+00 0.000000000000e+00 0.000000000000e+00 
7.263670579585e-01 3.281095780505e-01 2.377551828912e-01 5.551643674739e-01 0.000000000000e+00 0.000000000000e+00 0.000000000000e+00 
7.432632082856e-01 3.228451212440e-01 2.336473196250e-01 5.373451041277e-01 0.000000000000e+00 0.000000000000e+00 0.000000000000e+00 
7.549862644387e-01 3.282730072852e-01 2.263489730640e-01 5.205753697494e-01 0.000000000000e+00 0.000000000000e+00 0.000000000000e+00 
7.664518405670e-01 3.332578771379e-01 2.189356911495e-01 5.035453570016e-01 0.000000000000e+00 0.000000000000e+00 0.000000000000e+00 
7.775331000567e-01 3.380759302865e-01 2.114197659042e-01 4.862598341032e-01 0.000000000000e+00 0.000000000000e+00 0.000000000000e+00 
7.882245146630e-01 3.427246902631e-01 2.037978307802e-01 4.687305679574e-01 0.000000000000e+00 0.000000000000e+00 0.000000000000e+00 
7.985208043514e-01 3.472016440351e-01 1.960737253289e-01 4.509663375829e-01 0.000000000000e+00 0.000000000000e+00 0.000000000000e+00 
8.084168073914e-01 3.515045481508e-01 1.882513257392e-01 4.329760461202e-01 0.000000000000e+00 0.000000000000e+00 0.000000000000e+00 
8.179075630146e-01 3.556312457070e-01 1.803345532507e-01 4.147687118675e-01 0.000000000000e+00 0.000000000000e+00 0.000000000000e+00 
