0.000000000000e+00 0.000000000000e+00 0.000000000000e+00 1.000000000000e+00 0.000000000000e+00 0.000000000000e+00 0.000000000000e+00 
8.851576528415e-03 4.226067080528e-01 -1.072838220153e-03 9.062693136810e-01 0.000000000000e+00 0.000000000000e+00 0.000000000000e+00 
1.811090861952e-02 7.659389801362e-01 -5.741496019871e-03 6.426324835552e-01 0.000000000000e+00 0.000000000000e+00 0.000000000000e+00 
2.625766366507e-02 9.654792846337e-01 -1.827698454896e-02 2.585077133817e-01 0.000000000000e+00 0.000000000000e+00 0.000000000000e+00 
2.695602361336e-02 9.833772964009e-01 -4.503777155336e-02 -1.738219343113e-01 0.000000000000e+00 0.000000000000e+00 0.000000000000e+00 
4.680164443805e-03 8.153678780378e-01 -9.138931326508e-02 -5.716653854711e-01 0.000000000000e+00 0.000000000000e+00 0.000000000000e+00 
-6.983811182821e-02 4.925996086072e-01 -1.528108034704e-01 -8.538835529972e-01 0.000000000000e+00 0.000000000000e+00 0.000000000000e+00 
-2.357647450447e-01 8.376545795817e-02 -1.952627546380e-01 -9.482988925957e-01 0.000000000000e+00 0.000000000000e+00 0.000000000000e+00 
-4.998430393586e-01 -2.906432125015e-01 -1.318434247665e-01 -8.051712677296e-01 0.000000000000e+00 0.000000000000e+00 0.000000000000e+00 
-7.369980388128e-01 -4.678639419910e-01 1.286596025964e-01 -4.705145366834e-01 0.000000000000e+00 0.000000000000e+00 0.000000000000e+00 
-7.419892875667e-01 -4.046742339466e-01 5.142215132283e-01 -1.458317415696e-01 0.000000000000e+00 0.000000000000e+00 0.000000000000e+00 
-4.886214414857e-01 -2.484475424628e-01 8.359607143478e-01 2.631709770828e-02 0.000000000000e+00 0.000000000000e+00 0.000000000000e+00 
-9.098005071131e-02 -1.198351156103e-01 9.857971766288e-01 7.460631333787e-02 0.000000000000e+00 0.000000000000e+00 0.000000000000e+00 
3.369971655386e-01 -4.474045530966e-02 9.380765562579e-01 6.666015809313e-02 0.000000000000e+00 0.000000000000e+00 0.000000000000e+00 
7.036200158006e-01 -1.013265936833e-02 7.091595810278e-01 4.369085963081e-02 0.000000000000e+00 0.000000000000e+00 0.000000000000e+00 
9.381165106697e-01 1.729512164991e-03 3.455814686839e-01 2.253596456567e-02 0.000000000000e+00 0.000000000000e+00 0.000000000000e+00 
9.964956240074e-01 3.469643446528e-03 -8.325061889384e-02 7.332623151623e-03 0.000000000000e+00 0.000000000000e+00 0.000000000000e+00 
8.679763146742e-01 1.758112915684e-03 -4.965952366538e-01 -2.682747909349e-03 0.000000000000e+00 0.000000000000e+00 0.000000000000e+00 
5.767304759693e-01 -1.229739673551e-03 -8.168818629070e-01 -9.190641006814e-03 0.000000000000e+00 0.000000000000e+00 0.000000000000e+00 
1.773726072980e-01 -6.230760675043e-03 -9.840399229984e-01 -1.286723540806e-02 0.000000000000e+00 0.000000000000e+00 0.000000000000e+00 
-2.552067382540e-01 -1.550115604250e-02 -9.666863379127e-01 -1.211441307129e-02 0.000000000000e+00 0.000000000000e+00 0.000000000000e+00 
-6.397099485289e-01 -3.101630267418e-02 -7.679885747545e-01 -1.649171971894e-03 0.000000000000e+00 0.000000000000e+00 0.000000000000e+00 
-9.031719433215e-01 -5.103945756070e-02 -4.252451622079e-01 2.901666051731e-02 0.000000000000e+00 0.000000000000e+00 0.000000000000e+00 
-9.933843305179e-01 -6.340178939255e-02 -4.099083774126e-03 9.566076779693e-02 0.000000000000e+00 0.000000000000e+00 0.000000000000e+00 
-8.868865322367e-01 -3.462500392448e-02 4.085349674488e-01 2.129144626650e-01 0.000000000000e+00 0.000000000000e+00 0.000000000000e+00 
-5.974013347771e-01 9.752786340362e-02 7.055698095280e-01 3.684714438720e-01 0.000000000000e+00 0.000000000000e+00 0.000000000000e+00 
-2.073950579745e-01 3.843811115298e-01 7.680277191120e-01 4.683715124796e-01 0.000000000000e+00 0.000000000000e+00 0.000000000000e+00 
1.027057674080e-01 7.338942879624e-01 5.714138432032e-01 3.526144058784e-01 0.000000000000e+00 0.000000000000e+00 0.000000000000e+00 
2.101251645969e-01 9.319148945109e-01 2.954670023757e-01 9.016379481307e-03 0.000000000000e+00 0.000000000000e+00 0.000000000000e+00 
1.805875368411e-01 8.897027786887e-01 1.044246214345e-01 -4.060943308760e-01 0.000000000000e+00 0.000000000000e+00 0.000000000000e+00 
1.143101421613e-01 6.442765124143e-01 1.371631424321e-02 -7.560772643545e-01 0.000000000000e+00 0.000000000000e+00 0.000000000000e+00 
5.802301177848e-02 2.657143645722e-01 -1.592248265277e-02 -9.621723759859e-01 0.000000000000e+00 0.000000000000e+00 0.000000000000e+00 
2.182695450251e-02 -1.658831509453e-01 -1.834283360043e-02 -9.857331813149e-01 0.000000000000e+00 0.000000000000e+00 0.000000000000e+00 
2.184598986229e-03 -5.670534998165e-01 -1.244241837322e-02 -8.235840831986e-01 0.000000000000e+00 0.000000000000e+00 0.000000000000e+00 
-6.905433229306e-03 -8.620318593502e-01 -6.134229848023e-03 -5.067699277594e-01 0.000000000000e+00 0.000000000000e+00 0.000000000000e+00 
-9.911842805574e-03 -9.954365450769e-01 -1.208906519093e-03 -9.490194224867e-02 0.000000000000e+00 0.000000000000e+00 0.000000000000e+00 
-8.807535034188e-03 -9.422563881640e-01 3.249387792100e-03 3.347607619923e-01 0.000000000000e+00 0.000000000000e+00 0.000000000000e+00 
