9.430295273806e-01 2.468401104889e-01 7.782838788389e-02 -2.090646129350e-01 0.000000000000e+00 0.000000000000e+00 0.000000000000e+00 
9.167801235778e-01 2.834177497297e-01 1.185916088126e-01 -2.551952477421e-01 0.000000000000e+00 0.000000000000e+00 0.000000000000e+00 
8.851800262423e-01 3.203501364301e-01 1.614279805647e-01 -2.962652836928e-01 0.000000000000e+00 0.000000000000e+00 0.000000000000e+00 
8.485369554187e-01 3.568527411513e-01 2.062984487446e-01 -3.317862361025e-01 0.000000000000e+00 0.000000000000e+00 0.000000000000e+00 
8.072314281640e-01 3.920921385461e-01 2.530922183327e-01 -3.613661651208e-01 0.000000000000e+00 0.000000000000e+00 0.000000000000e+00 
7.617146615645e-01 4.252066119176e-01 3.016227365636e-01 -3.847256637230e-01 0.000000000000e+00 0.000000000000e+00 0.000000000000e+00 
7.125032325873e-01 4.553302870040e-01 3.516266040159e-01 -4.017115938553e-01 0.000000000000e+00 0.000000000000e+00 0.000000000000e+00 
6.601702284760e-01 4.816198112977e-01 4.027658519172e-01 -4.123072826533e-01 0.000000000000e+00 0.000000000000e+00 0.000000000000e+00 
6.053329286481e-01 5.032821894635e-01 4.546337745286e-01 -4.166379895317e-01 0.000000000000e+00 0.000000000000e+00 0.000000000000e+00 
5.486374187563e-01 5.196020895687e-01 5.067641936552e-01 -4.149707258173e-01 0.000000000000e+00 0.000000000000e+00 0.000000000000e+00 
4.907408982262e-01 5.299668156005e-01 5.586436997282e-01 -4.077079370389e-01 0.000000000000e+00 0.000000000000e+00 0.000000000000e+00 
4.322927434277e-01 5.338872404924e-01 6.097261129373e-01 -3.953750948423e-01 0.000000000000e+00 0.000000000000e+00 0.000000000000e+00 
3.739155734944e-01 5.310133126893e-01 6.594481899791e-01 -3.786028134845e-01 0.000000000000e+00 0.000000000000e+00 0.000000000000e+00 
3.161875974880e-01 5.211432464193e-01 7.072455050070e-01 -3.581046153761e-01 0.000000000000e+00 0.000000000000e+00 0.000000000000e+00 
2.596273921923e-01 5.042261034831e-01 7.525674718989e-01 -3.346518400209e-01 0.000000000000e+00 0.000000000000e+00 0.000000000000e+00 
2.046819930628e-01 4.803580766391e-01 7.948906369215e-01 -3.090473673372e-01 0.000000000000e+00 0.000000000000e+00 0.000000000000e+00 
1.517188257302e-01 4.497733002725e-01 8.337296215487e-01 -2.820997951670e-01 0.000000000000e+00 0.000000000000e+00 0.000000000000e+00 
1.010216233190e-01 4.128303763433e-01 8.686453870230e-01 -2.545994964527e-01 0.000000000000e+00 0.000000000000e+00 0.000000000000e+00 
5.279012460820e-02 3.699959819494e-01 8.992507768904e-01 -2.272976382350e-01 0.000000000000e+00 0.000000000000e+00 0.000000000000e+00 
7.143074101544e-03 3.218269253120e-01 9.252135324320e-01 -2.008888400117e-01 0.000000000000e+00 0.000000000000e+00 0.000000000000e+00 
-3.587612916840e-02 2.689518740486e-01 9.462571455053e-01 -1.759977482291e-01 0.000000000000e+00 0.000000000000e+00 0.000000000000e+00 
-7.629185941410e-02 2.120537429698e-01 9.621600073052e-01 -1.531694572103e-01 0.000000000000e+00 0.000000000000e+00 0.000000000000e+00 
-1.141874777450e-01 1.518534500928e-01 9.727533370241e-01 -1.328634446701e-01 0.000000000000e+00 0.000000000000e+00 0.000000000000e+00 
-1.496959602738e-01 8.909547298361e-02 9.779183468795e-01 -1.154505219046e-01 0.000000000000e+00 0.000000000000e+00 0.000000000000e+00 
-1.829904498809e-01 2.453539362791e-02 9.775830381603e-01 -1.012122186955e-01 0.000000000000e+00 0.000000000000e+00 0.000000000000e+00 
-2.142751064253e-01 -4.107057455328e-02 9.717189444456e-01 -9.034201501959e-02 0.000000000000e+00 0.000000000000e+00 0.000000000000e+00 
-2.437764989473e-01 -1.069742245327e-01 9.603380570025e-01 -8.294787591814e-02 0.000000000000e+00 0.000000000000e+00 0.000000000000e+00 
-2.717356673603e-01 -1.724423957599e-01 9.434900930623e-01 -7.905562296302e-02 0.000000000000e+00 0.000000000000e+00 0.000000000000e+00 
-2.984008865961e-01 -2.367627027444e-01 9.212602053454e-01 -7.861276941337e-02 0.000000000000e+00 0.000000000000e+00 0.000000000000e+00 
-3.240210951487e-01 -2.992482559683e-01 8.937671824341e-01 -8.149254445912e-02 0.000000000000e+00 0.000000000000e+00 0.000000000000e+00 
-3.488399015875e-01 -3.592416751887e-01 8.611621534864e-01 -8.749792723613e-02 0.000000000000e+00 0.000000000000e+00 0.000000000000e+00 
-3.730900545359e-01 -4.161186783130e-01 8.236277848622e-01 -9.636559950759e-02 0.000000000000e+00 0.000000000000e+00 0.000000000000e+00 
-3.969882510382e-01 -4.692915050177e-01 7.813779372750e-01 -1.077698055846e-01 0.000000000000e+00 0.000000000000e+00 0.000000000000e+00 
-4.207301626222e-01 -5.182124067617e-01 7.346577365975e-01 -1.213261793496e-01 0.000000000000e+00 0.000000000000e+00 0.000000000000e+00 
-4.444855757485e-01 -5.623774052437e-01 6.837439960695e-01 -1.365956619433e-01 0.000000000000e+00 0.000000000000e+00 0.000000000000e+00 
-4.683935724933e-01 -6.013304891366e-01 6.289459093982e-01 -1.530886904150e-01 0.000000000000e+00 0.000000000000e+00 0.000000000000e+00 
-4.925577175660e-01 -6.346683819805e-01 5.706059106701e-01 -1.702698872050e-01 0.000000000000e+00 0.000000000000e+00 0.000000000000e+00 
