6.685825965441e-01 2.302114497550e-01 6.941152380129e-01 -1.349223345421e-01 0.000000000000e+00 1.046280373339e-01 -1.518093118526e-01 -1.575187467752e-02 
6.708158832135e-01 2.305066442742e-01 6.920156398904e-01 -1.341159644525e-01 3.796653651805e-02 1.043615829367e-01 -1.519816062174e-01 -1.585768885652e-02 
6.724150580870e-01 2.308504399629e-01 6.904474526727e-01 -1.335978260475e-01 7.597943110364e-02 1.042112132905e-01 -1.520782160480e-01 -1.592024326164e-02 
6.748570232332e-01 2.314868005650e-01 6.879903008518e-01 -1.328578386504e-01 1.139963022971e-01 1.040158960112e-01 -1.522029706455e-01 -1.600512483589e-02 
6.780900269432e-01 2.322077817791e-01 6.847613330172e-01 -1.318156980254e-01 1.520094847772e-01 1.037177610718e-01 -1.523935442491e-01 -1.612602327911e-02 
6.817097810531e-01 2.328993946227e-01 6.811587834790e-01 -1.305846778546e-01 1.900189419599e-01 1.033449352041e-01 -1.526316353559e-01 -1.626724234734e-02 
6.854163358002e-01 2.335582793194e-01 6.774504504112e-01 -1.292898449893e-01 2.280264508501e-01 1.029444536004e-01 -1.528866608134e-01 -1.641107356583e-02 
6.890795199941e-01 2.342103184854e-01 6.737439066190e-01 -1.280003520829e-01 2.660333863576e-01 1.025458872267e-01 -1.531395053796e-01 -1.654834802383e-02 
6.926756681845e-01 2.348691463635e-01 6.700562247487e-01 -1.267342040147e-01 3.040403751394e-01 1.021577945601e-01 -1.533847158616e-01 -1.667719604767e-02 
6.962209154113e-01 2.355336185308e-01 6.663737688689e-01 -1.254844677606e-01 3.420475576044e-01 1.017773823027e-01 -1.536241425338e-01 -1.679887495345e-02 
6.997346193766e-01 2.361972766879e-01 6.626815438661e-01 -1.242396086212e-01 3.800548803321e-01 1.013994583321e-01 -1.538611373461e-01 -1.691493960552e-02 
7.032278512413e-01 2.368550350891e-01 6.589713355110e-01 -1.229921158706e-01 4.180622626174e-01 1.010205542848e-01 -1.540979195402e-01 -1.702626567140e-02 
7.067040860089e-01 2.375048152063e-01 6.552406750724e-01 -1.217392923541e-01 4.560696539270e-01 1.006394190160e-01 -1.543352811160e-01 -1.713310422273e-02 
7.101629592141e-01 2.381465556049e-01 6.514898813574e-01 -1.204812180496e-01 4.940770357334e-01 1.002561104530e-01 -1.545731802898e-01 -1.723540452855e-02 
7.136031350650e-01 2.387808752221e-01 6.477199513697e-01 -1.192188066172e-01 5.320844072106e-01 9.987108620245e-02 -1.548113250108e-01 -1.733305242789e-02 
7.170235831370e-01 2.394083064989e-01 6.439316561175e-01 -1.179528136778e-01 5.700917729769e-01 9.948473137529e-02 -1.550494721236e-01 -1.742596725319e-02 
7.204238024266e-01 2.400290932347e-01 6.401253900874e-01 -1.166836075188e-01 6.080991370582e-01 9.909724760841e-02 -1.552874956881e-01 -1.751411192986e-02 
7.238036372787e-01 2.406432658010e-01 6.363013038913e-01 -1.154112817403e-01 6.461065014226e-01 9.870870599520e-02 -1.555253521803e-01 -1.759747445800e-02 
7.271630615610e-01 2.412507664045e-01 6.324594567335e-01 -1.141358190877e-01 6.841138665143e-01 9.831912499111e-02 -1.557630309298e-01 -1.767605085627e-02 
7.305020550105e-01 2.418515295729e-01 6.285999038596e-01 -1.128571935518e-01 7.221212321218e-01 9.792851899146e-02 -1.560005236315e-01 -1.774983696217e-02 
7.338205646110e-01 2.424455104303e-01 6.247227243375e-01 -1.115754055448e-01 7.601285979402e-01 9.753691501428e-02 -1.562378140638e-01 -1.781882665653e-02 
7.371185090056e-01 2.430326836077e-01 6.208280183453e-01 -1.102904801750e-01 7.981359637800e-01 9.714435183900e-02 -1.564748787551e-01 -1.788301265676e-02 
7.403957934350e-01 2.436130337757e-01 6.169158967088e-01 -1.090024551391e-01 8.361433295751e-01 9.675087424959e-02 -1.567116906212e-01 -1.794238757592e-02 
7.436523207243e-01 2.441865481397e-01 6.129864730237e-01 -1.077113711685e-01 8.741506953271e-01 9.635652851583e-02 -1.569482217736e-01 -1.799694451311e-02 
7.468879959271e-01 2.447532130804e-01 6.090398602330e-01 -1.064172677442e-01 9.121580610567e-01 9.596136037707e-02 -1.571844447555e-01 -1.804667722384e-02 
7.501027269168e-01 2.453130136292e-01 6.050761701336e-01 -1.051201824224e-01 9.501654267811e-01 9.556541472761e-02 -1.574203327237e-01 -1.809158009788e-02 
7.532964235055e-01 2.458659340413e-01 6.010955139908e-01 -1.038201515695e-01 9.881727925077e-01 9.516873595986e-02 -1.576558592323e-01 -1.813164810168e-02 
7.564689965476e-01 2.464119584278e-01 5.970980031940e-01 -1.025172111783e-01 1.026180158238e+00 9.477136834133e-02 -1.578909980000e-01 -1.816687674328e-02 
7.596203574628e-01 2.469510711072e-01 5.930837496163e-01 -1.012113973237e-01 1.064187523971e+00 9.437335622200e-02 -1.581257227847e-01 -1.819726206186e-02 
7.627504181088e-01 2.474832567077e-01 5.890528657147e-01 -9.990274629636e-02 1.102194889705e+00 9.397474409096e-02 -1.583600073491e-01 -1.822280062921e-02 
7.658590908183e-01 2.480085001477e-01 5.850054645038e-01 -9.859129457544e-02 1.140202255440e+00 9.357557655901e-02 -1.585938254722e-01 -1.824348955331e-02 
7.689462884685e-01 2.485267865894e-01 5.809416595020e-01 -9.727707876589e-02 1.178209621175e+00 9.317589832511e-02 -1.588271509696e-01 -1.825932648063e-02 
7.720119245269e-01 2.490381014065e-01 5.768615646934e-01 -9.596013555429e-02 1.216216986910e+00 9.277575415169e-02 -1.590599577083e-01 -1.827030959683e-02 
7.750559130714e-01 2.495424301723e-01 5.727652945111e-01 -9.464050169128e-02 1.254224352645e+00 9.237518885210e-02 -1.592922196140e-01 -1.827643762700e-02 
7.780781687926e-01 2.500397586598e-01 5.686529638324e-01 -9.331821399018e-02 1.292231718381e+00 9.197424728539e-02 -1.595239106742e-01 -1.827770983582e-02 
7.810786069920e-01 2.505300728454e-01 5.645246879791e-01 -9.199330933130e-02 1.330239084117e+00 9.157297435367e-02 -1.597550049397e-01 -1.827412602793e-02 
7.840571435799e-01 2.510133589123e-01 5.603805827173e-01 -9.066582466597e-02 1.368246449854e+00 9.117141499919e-02 -1.599854765262e-01 -1.826568654826e-02 
