5.178722583083e-02 7.052078298209e-01 -3.974529680715e-01 -5.848342826572e-01 0.000000000000e+00 0.000000000000e+00 0.000000000000e+00 0.000000000000e+00 0.000000000000e+00 0.000000000000e+00 0.000000000000e+00 0.000000000000e+00 0.000000000000e+00 0.000000000000e+00 0.000000000000e+00 0.000000000000e+00 0.000000000000e+00 0.000000000000e+00 0.000000000000e+00 0.000000000000e+00 -1.181215967546e+00 2.270301070501e+00 2.858748707469e+00 
5.025970917899e-02 7.077557678597e-01 -3.994686000893e-01 -5.805002775515e-01 5.913028478468e-02 -6.183021789838e-02 -8.579529254128e-02 8.579529254128e-02 -8.579529254128e-02 8.579529254128e-02 8.579546340740e-02 -8.579546340740e-02 8.579546340740e-02 -8.579546340740e-02 8.569351647235e-02 8.569351647235e-02 8.415016703064e-02 -8.415016703064e-02 8.567486738944e-02 8.430432059295e-02 -1.222709035473e+00 2.260805738300e+00 2.853350982676e+00 
4.899223707330e-02 7.099363860097e-01 -4.015332171093e-01 -5.765077311570e-01 1.453321668312e-01 -1.473725125558e-01 -1.730532098310e-01 1.730532098310e-01 -1.730532098310e-01 1.730532098310e-01 1.730532221253e-01 -1.730532221253e-01 1.730532221253e-01 -1.730532221253e-01 1.729856792050e-01 1.729856792050e-01 1.714278400477e-01 -1.714278400477e-01 1.571667978528e-01 1.715318195370e-01 -1.260850040349e+00 2.254478072150e+00 2.848183133262e+00 
4.715209233604e-02 7.127411044107e-01 -4.024064086870e-01 -5.725782745786e-01 2.330475839737e-01 -2.335149400691e-01 -2.546462957547e-01 2.546462957547e-01 -2.546462957547e-01 2.546462957547e-01 2.546456454002e-01 -2.546456454002e-01 2.546456454002e-01 -2.546456454002e-01 2.602752255291e-01 2.602752255291e-01 2.518203213159e-01 -2.518203213159e-01 1.906923617402e-01 2.345905953072e-01 -1.298171119794e+00 2.240623026068e+00 2.848815385525e+00 
4.501270068853e-02 7.158724674893e-01 -4.026475131620e-01 -5.686611004913e-01 2.996827195856e-01 -2.993474394746e-01 -3.022748634047e-01 3.022748634047e-01 -3.022748634047e-01 3.022748634047e-01 3.022742162194e-01 -3.022742162194e-01 3.022742162194e-01 -3.022742162194e-01 3.475494530068e-01 3.475494530068e-01 3.018945736869e-01 -3.018945736869e-01 2.026303880353e-01 2.678468058628e-01 -1.334852953495e+00 2.221953996562e+00 2.851341260104e+00 
4.274676705361e-02 7.191374910029e-01 -4.027736223836e-01 -5.646126035191e-01 3.369883650515e-01 -3.367313744440e-01 -3.273139610813e-01 3.273139610813e-01 -3.273139610813e-01 3.273139610813e-01 3.273136325160e-01 -3.273136325160e-01 3.273136325160e-01 -3.273136325160e-01 4.348162046274e-01 4.348162046274e-01 3.333910543818e-01 -3.333910543818e-01 2.028973272394e-01 2.857377729234e-01 -1.372237213162e+00 2.200637175850e+00 2.852825492949e+00 
4.042758085741e-02 7.224488447872e-01 -4.029453116352e-01 -5.604180164867e-01 3.592839165027e-01 -3.592305648230e-01 -3.404431363512e-01 3.404431363512e-01 -3.404431363512e-01 3.404431363512e-01 3.404429807879e-01 -3.404429807879e-01 3.404429807879e-01 -3.404429807879e-01 5.220821325475e-01 5.220821325475e-01 3.553399473200e-01 -3.553399473200e-01 1.968078795250e-01 2.955915345573e-01 -1.410556626408e+00 2.178108666247e+00 2.853028678045e+00 
3.811709057399e-02 7.257248840426e-01 -4.031493882774e-01 -5.561843676508e-01 3.752524317482e-01 -3.752818485536e-01 -3.473123318017e-01 3.473123318017e-01 -3.473123318017e-01 3.473123318017e-01 3.473122528020e-01 -3.473122528020e-01 3.473122528020e-01 -3.473122528020e-01 6.093490114677e-01 6.093490114677e-01 3.723835294853e-01 -3.723835294853e-01 1.873076329274e-01 3.011850518656e-01 -1.448860306069e+00 2.155247112268e+00 2.852334643183e+00 
3.583057171800e-02 7.289447574594e-01 -4.033520678698e-01 -5.519626980585e-01 3.886648514529e-01 -3.886950691915e-01 -3.508889329061e-01 3.508889329061e-01 -3.508889329061e-01 3.508889329061e-01 3.508888912601e-01 -3.508888912601e-01 3.508888912601e-01 -3.508888912601e-01 6.966165434783e-01 6.966165434783e-01 3.868457287881e-01 -3.868457287881e-01 1.760430480898e-01 3.045170803346e-01 -1.486701717791e+00 2.132288664706e+00 2.851066642183e+00 
3.355923925831e-02 7.321195932976e-01 -4.035389975276e-01 -5.477508156494e-01 4.010056634847e-01 -4.010186118686e-01 -3.527291277232e-01 3.527291277232e-01 -3.527291277232e-01 3.527291277232e-01 3.527291056358e-01 -3.527291056358e-01 3.527291056358e-01 -3.527291056358e-01 7.838842479030e-01 7.838842479030e-01 3.999153666199e-01 -3.999153666199e-01 1.638915744624e-01 3.066568117090e-01 -1.524110755410e+00 2.109186347300e+00 2.849367799388e+00 
3.129291247332e-02 7.352625119541e-01 -4.037090314596e-01 -5.435336328709e-01 4.128647091218e-01 -4.128671347762e-01 -3.536516090078e-01 3.536516090078e-01 -3.536516090078e-01 3.536516090078e-01 3.536515973213e-01 -3.536515973213e-01 3.536515973213e-01 -3.536515973213e-01 8.711519132161e-01 8.711519132161e-01 4.122289903122e-01 -4.122289903122e-01 1.512947744171e-01 3.081717076770e-01 -1.561225163600e+00 2.085864788818e+00 2.847273638933e+00 
2.902667157187e-02 7.383798523395e-01 -4.038642486175e-01 -5.393016917136e-01 4.244992742787e-01 -4.244986627351e-01 -3.540888219124e-01 3.540888219124e-01 -3.540888219124e-01 3.540888219124e-01 3.540888157424e-01 -3.540888157424e-01 3.540888157424e-01 -3.540888157424e-01 9.584194960080e-01 9.584194960080e-01 4.241367258577e-01 -4.241367258577e-01 1.384685951070e-01 3.093585976676e-01 -1.598127273443e+00 2.062290884424e+00 2.844785514805e+00 
2.675933564555e-02 7.414731439433e-01 -4.040059938333e-01 -5.350520271089e-01 4.360315888998e-01 -4.360309977647e-01 -3.542696221614e-01 3.542696221614e-01 -3.542696221614e-01 3.542696221614e-01 3.542696189063e-01 -3.542696189063e-01 3.542696189063e-01 -3.542696189063e-01 1.045686991081e+00 1.045686991081e+00 4.358300174629e-01 -4.358300174629e-01 1.255201975696e-01 3.103712674331e-01 -1.634839963296e+00 2.038461703950e+00 2.841901796334e+00 
2.449064694667e-02 7.445419936417e-01 -4.041351261249e-01 -5.307845398541e-01 4.475197557946e-01 -4.475200185973e-01 -3.543152881367e-01 3.543152881367e-01 -3.543152881367e-01 3.543152881367e-01 3.543152864196e-01 -3.543152864196e-01 3.543152864196e-01 -3.543152864196e-01 1.114845216112e+00 1.114845216112e+00 4.474111238790e-01 -4.474111238790e-01 1.125049594993e-01 3.112891293750e-01 -1.671361009710e+00 2.014383182978e+00 2.838623248716e+00 
2.222128299152e-02 7.475864798738e-01 -4.042509786368e-01 -5.264995878092e-01 4.589901445445e-01 -4.589901371764e-01 -3.542899592235e-01 3.542899592235e-01 -3.542899592235e-01 3.542899592235e-01 3.542899583177e-01 -3.542899583177e-01 3.542899583177e-01 -3.542899583177e-01 1.150893892638e+00 1.150893892638e+00 4.589335631955e-01 -4.589335631955e-01 9.945257068609e-02 3.121533238913e-01 -1.707683175154e+00 1.990060882698e+00 2.834951712238e+00 
1.995168139181e-02 7.506066415737e-01 -4.043530489271e-01 -5.221974835812e-01 4.704529163712e-01 -4.704526407195e-01 -3.542265272778e-01 3.542265272778e-01 -3.542265272778e-01 3.542265272778e-01 3.542265267999e-01 -3.542265267999e-01 3.542265267999e-01 -3.542265267999e-01 1.169197130118e+00 1.169197130118e+00 4.704249213541e-01 -4.704249213541e-01 8.637901054203e-02 3.129865171123e-01 -1.743799925229e+00 1.965499115025e+00 2.830888709483e+00 
1.768159101768e-02 7.536021612878e-01 -4.044417242213e-01 -5.178783984203e-01 4.819120117498e-01 -4.819118519530e-01 -3.541425049505e-01 3.541425049505e-01 -3.541425049505e-01 3.541425049505e-01 3.541425046983e-01 -3.541425046983e-01 3.541425046983e-01 -3.541425046983e-01 1.178111675117e+00 1.178111675117e+00 4.818995475492e-01 -4.818995475492e-01 7.329302432216e-02 3.138003694379e-01 -1.779706714027e+00 1.940701019277e+00 2.826435076499e+00 
1.541088691316e-02 7.565728626613e-01 -4.045172284440e-01 -5.135424227277e-01 4.933691602562e-01 -4.933691941804e-01 -3.540475376831e-01 3.540475376831e-01 -3.540475376831e-01 3.540475376831e-01 3.540475375501e-01 -3.540475375501e-01 3.540475375501e-01 -3.540475375501e-01 1.182045279634e+00 1.182045279634e+00 4.933650543201e-01 -4.933650543201e-01 6.019935669532e-02 3.146005174932e-01 -1.815399485191e+00 1.915669477570e+00 2.821591410419e+00 
1.313961538708e-02 7.595186731852e-01 -4.045795754387e-01 -5.091896530059e-01 5.048251586406e-01 -5.048253012580e-01 -3.539468429419e-01 3.539468429419e-01 -3.539468429419e-01 3.539468429419e-01 3.539468428717e-01 -3.539468428717e-01 3.539468428717e-01 -3.539468428717e-01 1.183322632936e+00 1.183322632936e+00 5.048255162443e-01 -5.048255162443e-01 4.710062708411e-02 3.153897428037e-01 -1.850873950499e+00 1.890407556553e+00 2.816358319347e+00 
1.086788091901e-02 7.624395352625e-01 -4.046287154087e-01 -5.048202124516e-01 5.162803744034e-01 -5.162805515585e-01 -3.538431446739e-01 3.538431446739e-01 -3.538431446739e-01 3.538431446739e-01 3.538431446369e-01 -3.538431446369e-01 3.538431446369e-01 -3.538431446369e-01 1.183169635566e+00 1.183169635566e+00 5.162831013366e-01 -5.162831013366e-01 3.399837648819e-02 3.161695019378e-01 -1.886125577504e+00 1.864918514549e+00 2.810736485566e+00 
8.595783909159e-03 7.653353752878e-01 -4.046646104180e-01 -5.004342403426e-01 5.277349715447e-01 -5.277351583227e-01 -3.537378324418e-01 3.537378324418e-01 -3.537378324418e-01 3.537378324418e-01 3.537378324223e-01 -3.537378324223e-01 3.537378324223e-01 -3.537378324223e-01 1.182232512678e+00 1.182232512678e+00 5.277389485678e-01 -5.277389485678e-01 2.089360765846e-02 3.169405796617e-01 -1.921149748942e+00 1.839205703360e+00 2.804726657409e+00 
6.323410168759e-03 7.682061063881e-01 -4.046872440864e-01 -4.960318810981e-01 5.391890197609e-01 -5.391892186705e-01 -3.536316162363e-01 3.536316162363e-01 -3.536316162363e-01 3.536316162363e-01 3.536316162260e-01 -3.536316162260e-01 3.536316162260e-01 -3.536316162260e-01 1.180851626702e+00 1.180851626702e+00 5.391936504670e-01 -5.391936504670e-01 7.787050116647e-03 3.177033843589e-01 -1.955941859304e+00 1.813272510465e+00 2.798329635448e+00 
4.050837373244e-03 7.710516365454e-01 -4.046966116129e-01 -4.916132799735e-01 5.506425473790e-01 -5.506427666784e-01 -3.535248669912e-01 3.535248669912e-01 -3.535248669912e-01 3.535248669912e-01 3.535248669857e-01 -3.535248669857e-01 3.535248669857e-01 -3.535248669857e-01 1.179205932590e+00 1.179205932590e+00 5.506475144730e-01 -5.506475144730e-01 -5.320709432566e-03 3.184581078078e-01 -1.990497340483e+00 1.787122345745e+00 2.791546267983e+00 
1.778140816514e-03 7.738718730195e-01 -4.046927119496e-01 -4.871785825130e-01 5.620955654517e-01 -5.620958108949e-01 -3.534177845733e-01 3.534177845733e-01 -3.534177845733e-01 3.534177845733e-01 3.534177845704e-01 -3.534177845704e-01 3.534177845704e-01 -3.534177845704e-01 1.177389197888e+00 1.177389197888e+00 5.621007003522e-01 -5.621007003522e-01 -1.842916014810e-02 3.192048213128e-01 -2.024811660023e+00 1.760758644368e+00 2.784377451864e+00 
-4.946044071440e-04 7.766667236459e-01 -4.046755449343e-01 -4.827279348451e-01 5.735480778265e-01 -5.735483521865e-01 -3.533104803602e-01 3.533104803602e-01 -3.533104803602e-01 3.533104803602e-01 3.533104803587e-01 -3.533104803587e-01 3.533104803587e-01 -3.533104803587e-01 1.175450219027e+00 1.175450219027e+00 5.735532910273e-01 -5.735532910273e-01 -3.153783133607e-02 3.199435325746e-01 -2.058880317191e+00 1.734184869907e+00 2.776824133992e+00 
-2.767323096684e-03 7.794360969864e-01 -4.046451108573e-01 -4.782614838106e-01 5.850000851491e-01 -5.850003896002e-01 -3.532030191919e-01 3.532030191919e-01 -3.532030191919e-01 3.532030191919e-01 3.532030191911e-01 -3.532030191911e-01 3.532030191911e-01 -3.532030191911e-01 1.173414038604e+00 1.173414038604e+00 5.850053290716e-01 -5.850053290716e-01 -4.464627329630e-02 3.206742172407e-01 -2.092698842322e+00 1.707404514727e+00 2.768887311962e+00 
-5.039940070780e-03 7.821799023145e-01 -4.046014105669e-01 -4.737793769115e-01 5.964515865339e-01 -5.964519216243e-01 -3.530954414350e-01 3.530954414350e-01 -3.530954414350e-01 3.530954414350e-01 3.530954414345e-01 -3.530954414345e-01 3.530954414345e-01 -3.530954414345e-01 1.171293137714e+00 1.171293137714e+00 5.964568357685e-01 -5.964568357685e-01 -5.775404727592e-02 3.213968355171e-01 -2.126262797909e+00 1.680421099076e+00 2.760568034066e+00 
-7.312380237598e-03 7.848980496474e-01 -4.045444455103e-01 -4.692817622299e-01 6.079025803605e-01 -6.079029463976e-01 -3.529877747174e-01 3.529877747174e-01 -3.529877747174e-01 3.529877747174e-01 3.529877747172e-01 -3.529877747172e-01 3.529877747172e-01 -3.529877747172e-01 1.169093339268e+00 1.169093339268e+00 6.079078211973e-01 -6.079078211973e-01 -7.086072035804e-02 3.221113407756e-01 -2.159567779812e+00 1.653238170142e+00 2.751867399083e+00 
-9.584568584092e-03 7.875904497994e-01 -4.044742176916e-01 -4.647687883804e-01 6.193530646883e-01 -6.193534618482e-01 -3.528800401050e-01 3.528800401050e-01 -3.528800401050e-01 3.528800401050e-01 3.528800401049e-01 -3.528800401049e-01 3.528800401049e-01 -3.528800401049e-01 1.166816921090e+00 1.166816921090e+00 6.193582895870e-01 -6.193582895870e-01 -8.396586293274e-02 3.228176840857e-01 -2.192609418134e+00 1.625859301364e+00 2.742786556080e+00 
-1.185643014616e-02 7.902570144209e-01 -4.043907296179e-01 -4.602406044906e-01 6.308030374690e-01 -6.308034658344e-01 -3.527722552967e-01 3.527722552967e-01 -3.527722552967e-01 3.527722552967e-01 3.527722552966e-01 -3.527722552966e-01 3.527722552966e-01 -3.527722552966e-01 1.164464257014e+00 1.164464257014e+00 6.308082421409e-01 -6.308082421409e-01 -9.706904748540e-02 3.235158166646e-01 -2.225383377874e+00 1.598288091911e+00 2.733326704242e+00 
-1.412788998950e-02 7.928976560199e-01 -4.042939842674e-01 -4.556973601940e-01 6.422524966461e-01 -6.422529562350e-01 -3.526644362590e-01 3.526644362590e-01 -3.526644362590e-01 3.526644362590e-01 3.526644362590e-01 -3.526644362590e-01 3.526644362590e-01 -3.526644362590e-01 1.162034681327e+00 1.162034681327e+00 6.422576785158e-01 -6.422576785158e-01 -1.101698480542e-01 3.242056912257e-01 -2.257885359493e+00 1.570528166212e+00 2.723489092713e+00 
-1.639887320282e-02 7.955122879733e-01 -4.041839850739e-01 -4.511392056238e-01 6.537014401978e-01 -6.537019309880e-01 -3.525565980630e-01 3.525565980630e-01 -3.525565980630e-01 3.525565980630e-01 3.525565980630e-01 -3.525565980630e-01 3.525565980630e-01 -3.525565980630e-01 1.159526943393e+00 1.159526943393e+00 6.537065975917e-01 -6.537065975917e-01 -1.232678400352e-01 3.248872627188e-01 -2.290111099483e+00 1.542583173471e+00 2.713275020435e+00 
-1.866930489736e-02 7.981008245327e-01 -4.040607359218e-01 -4.465662914071e-01 6.651498661546e-01 -6.651503881006e-01 -3.524487553141e-01 3.524487553141e-01 -3.524487553141e-01 3.524487553141e-01 3.524487553141e-01 -3.524487553141e-01 3.524487553141e-01 -3.524487553141e-01 1.156939445966e+00 1.156939445966e+00 6.651549978747e-01 -6.651549978747e-01 -1.363626001682e-01 3.255604887375e-01 -2.322056370933e+00 1.514456787185e+00 2.702685835966e+00 
-2.093911020849e-02 8.006631808289e-01 -4.039242411436e-01 -4.419787686588e-01 6.765977726077e-01 -6.765983256500e-01 -3.523409223746e-01 3.523409223746e-01 -3.523409223746e-01 3.523409223746e-01 3.523409223747e-01 -3.523409223747e-01 3.523409223747e-01 -3.523409223747e-01 1.154270369322e+00 1.154270369322e+00 6.766028777070e-01 -6.766028777070e-01 -1.494537066192e-01 3.262253297411e-01 -2.353716984091e+00 1.486152704641e+00 2.691722937305e+00 
-2.320821429780e-02 8.031992728757e-01 -4.037745055182e-01 -4.373767889756e-01 6.880451577126e-01 -6.880457417827e-01 -3.522331134779e-01 3.522331134779e-01 -3.522331134779e-01 3.522331134779e-01 3.522331134779e-01 -3.522331134779e-01 3.522331134779e-01 -3.522331134779e-01 1.151517735044e+00 1.151517735044e+00 6.880502353777e-01 -6.880502353777e-01 -1.625407391122e-01 3.268817491762e-01 -2.385088786924e+00 1.457674646425e+00 2.680387771693e+00 
-2.547654235539e-02 8.057090175734e-01 -4.036115342700e-01 -4.327605044304e-01 6.994920196922e-01 -6.994926347145e-01 -3.521253427872e-01 3.521253427872e-01 -3.521253427872e-01 3.521253427872e-01 3.521253427872e-01 -3.521253427872e-01 3.521253427872e-01 -3.521253427872e-01 1.148679437899e+00 1.148679437899e+00 6.994970691815e-01 -6.994970691815e-01 -1.756232790864e-01 3.275297135451e-01 -2.416167665668e+00 1.429026355921e+00 2.668681835423e+00 
-2.774401960219e-02 8.081923327117e-01 -4.034353330681e-01 -4.281300675666e-01 7.109383568371e-01 -7.109390027307e-01 -3.520176244245e-01 3.520176244245e-01 -3.520176244245e-01 3.520176244245e-01 3.520176244246e-01 -3.520176244246e-01 3.520176244246e-01 -3.520176244246e-01 1.145753260785e+00 1.145753260785e+00 7.109433774487e-01 -7.109433774487e-01 -1.887009098643e-01 3.281691924427e-01 -2.446949545372e+00 1.400211598813e+00 2.656606673634e+00 
