-1.528910165713e-01 -5.298122051447e-01 3.705065662574e-01 7.474277548309e-01 0.000000000000e+00 0.000000000000e+00 0.000000000000e+00 
-1.393438151170e-01 -5.565889381424e-01 3.758112289113e-01 7.277073418280e-01 0.000000000000e+00 0.000000000000e+00 0.000000000000e+00 
-1.208617158119e-01 -5.913948807486e-01 3.821560208018e-01 6.997151680793e-01 0.000000000000e+00 0.000000000000e+00 0.000000000000e+00 
-1.019338818145e-01 -6.250690409954e-01 3.876341862084e-01 6.698043859292e-01 0.000000000000e+00 0.000000000000e+00 0.000000000000e+00 
-8.278392504312e-02 -6.571930352571e-01 3.921703715636e-01 6.383153889980e-01 0.000000000000e+00 0.000000000000e+00 0.000000000000e+00 
-6.346640262941e-02 -6.876837047791e-01 3.957559782356e-01 6.053431618590e-01 0.000000000000e+00 0.000000000000e+00 0.000000000000e+00 
-4.402917371696e-02 -7.164749584946e-01 3.983870108628e-01 5.709753543611e-01 0.000000000000e+00 0.000000000000e+00 0.000000000000e+00 
-2.451972118128e-02 -7.435059458373e-01 4.000619474947e-01 5.353019054184e-01 0.000000000000e+00 0.000000000000e+00 0.000000000000e+00 
-4.985285808625e-03 -7.687207067778e-01 4.007816431463e-01 4.984151847741e-01 0.000000000000e+00 0.000000000000e+00 0.000000000000e+00 
1.452724170412e-02 -7.920682363354e-01 4.005492950904e-01 4.604097419034e-01 0.000000000000e+00 0.000000000000e+00 0.000000000000e+00 
3.397143534973e-02 -8.135025504666e-01 3.993704046622e-01 4.213820378761e-01 0.000000000000e+00 0.000000000000e+00 0.000000000000e+00 
5.330144550532e-02 -8.329827381538e-01 3.972527337121e-01 3.814301763143e-01 0.000000000000e+00 0.000000000000e+00 0.000000000000e+00 
7.247210716012e-02 -8.504729993276e-01 3.942062559124e-01 3.406536347935e-01 0.000000000000e+00 0.000000000000e+00 0.000000000000e+00 
9.143904446113e-02 -8.659426687657e-01 3.902431032794e-01 2.991529974810e-01 0.000000000000e+00 0.000000000000e+00 0.000000000000e+00 
1.101587713659e-01 -8.793662264376e-01 3.853775079021e-01 2.570296895209e-01 0.000000000000e+00 0.000000000000e+00 0.000000000000e+00 
1.285887882533e-01 -8.907232943651e-01 3.796257394298e-01 2.143857140143e-01 0.000000000000e+00 0.000000000000e+00 0.000000000000e+00 
1.466876743662e-01 -8.999986204714e-01 3.730060384124e-01 1.713233920006e-01 0.000000000000e+00 0.000000000000e+00 0.000000000000e+00 
1.644151758843e-01 -9.071820496991e-01 3.655385457693e-01 1.279451061959e-01 0.000000000000e+00 0.000000000000e+00 0.000000000000e+00 
1.817780993971e-01 -9.122792922697e-01 3.572219213264e-01 8.423606353152e-02 0.000000000000e+00 0.000000000000e+00 0.000000000000e+00 
1.964821200054e-01 -9.149939187738e-01 3.493501896579e-01 4.620984863856e-02 0.000000000000e+00 0.000000000000e+00 0.000000000000e+00 
1.996581826580e-01 -9.153770993187e-01 3.475448008492e-01 3.786802798336e-02 0.000000000000e+00 0.000000000000e+00 0.000000000000e+00 
2.011739586725e-01 -9.155337358023e-01 3.466696076170e-01 3.387034269855e-02 0.000000000000e+00 0.000000000000e+00 0.000000000000e+00 
2.025293381248e-01 -9.156592964629e-01 3.458795247849e-01 3.028653717887e-02 0.000000000000e+00 0.000000000000e+00 0.000000000000e+00 
2.038415786747e-01 -9.157677245418e-01 3.451077937288e-01 2.680850981569e-02 0.000000000000e+00 0.000000000000e+00 0.000000000000e+00 
2.051189236062e-01 -9.158607728047e-01 3.443501207487e-01 2.341508822325e-02 0.000000000000e+00 0.000000000000e+00 0.000000000000e+00 
2.063619945013e-01 -9.159394097396e-01 3.436066147551e-01 2.010520349918e-02 0.000000000000e+00 0.000000000000e+00 0.000000000000e+00 
2.075708964836e-01 -9.160045393441e-01 3.428776770299e-01 1.687914181869e-02 0.000000000000e+00 0.000000000000e+00 0.000000000000e+00 
2.087456991515e-01 -9.160570445523e-01 3.421637204141e-01 1.373727208067e-02 0.000000000000e+00 0.000000000000e+00 0.000000000000e+00 
2.098864684001e-01 -9.160977895073e-01 3.414651502982e-01 1.067996133580e-02 0.000000000000e+00 0.000000000000e+00 0.000000000000e+00 
2.109932681674e-01 -9.161276193243e-01 3.407823634888e-01 7.707569921789e-03 0.000000000000e+00 0.000000000000e+00 0.000000000000e+00 
2.120661602067e-01 -9.161473597437e-01 3.401157482000e-01 4.820451859472e-03 0.000000000000e+00 0.000000000000e+00 0.000000000000e+00 
2.131052037800e-01 -9.161578168321e-01 3.394656839772e-01 2.018955489330e-03 0.000000000000e+00 0.000000000000e+00 0.000000000000e+00 
2.141104553939e-01 -9.161597766276e-01 3.388325417703e-01 -6.965760346963e-04 0.000000000000e+00 0.000000000000e+00 0.000000000000e+00 
2.150819685786e-01 -9.161540048277e-01 3.382166838816e-01 -3.325804347073e-03 0.000000000000e+00 0.000000000000e+00 0.000000000000e+00 
2.160197937272e-01 -9.161412464647e-01 3.376184639157e-01 -5.868395640798e-03 0.000000000000e+00 0.000000000000e+00 0.000000000000e+00 
2.169239779868e-01 -9.161222255966e-01 3.370382266507e-01 -8.324020567376e-03 0.000000000000e+00 0.000000000000e+00 0.000000000000e+00 
2.177945651927e-01 -9.160976449649e-01 3.364763079658e-01 -1.069235427562e-02 0.000000000000e+00 0.000000000000e+00 0.000000000000e+00 
