8.415063509461e-01 9.150635094613e-02 9.150635094608e-02 -5.245190528383e-01 0.000000000000e+00 0.000000000000e+00 0.000000000000e+00 
8.416600761710e-01 9.717311968961e-02 1.207702703049e-01 -5.172815894656e-01 0.000000000000e+00 0.000000000000e+00 0.000000000000e+00 
8.404105024670e-01 1.049297853413e-01 1.617454216796e-01 -5.064961461424e-01 0.000000000000e+00 0.000000000000e+00 0.000000000000e+00 
8.375635357082e-01 1.126024911655e-01 2.028637190497e-01 -4.946254281056e-01 0.000000000000e+00 0.000000000000e+00 0.000000000000e+00 
8.331569100245e-01 1.200988982313e-01 2.435938516938e-01 -4.817549723034e-01 0.000000000000e+00 0.000000000000e+00 0.000000000000e+00 
8.272067649511e-01 1.273994363181e-01 2.838392478828e-01 -4.679034441060e-01 0.000000000000e+00 0.000000000000e+00 0.000000000000e+00 
8.197305864369e-01 1.344868656137e-01 3.235209974809e-01 -4.530885264781e-01 0.000000000000e+00 0.000000000000e+00 0.000000000000e+00 
8.107500238218e-01 1.413435580504e-01 3.625615215243e-01 -4.373277267456e-01 0.000000000000e+00 0.000000000000e+00 0.000000000000e+00 
8.002917619695e-01 1.479510287325e-01 4.008838505142e-01 -4.206372870034e-01 0.000000000000e+00 0.000000000000e+00 0.000000000000e+00 
7.883888874121e-01 1.542892133777e-01 4.384113095359e-01 -4.030301781646e-01 0.000000000000e+00 0.000000000000e+00 0.000000000000e+00 
7.750837876063e-01 1.603349344535e-01 4.750667314821e-01 -3.845119395059e-01 0.000000000000e+00 0.000000000000e+00 0.000000000000e+00 
7.604355994836e-01 1.660579941118e-01 5.107701897292e-01 -3.650702054585e-01 0.000000000000e+00 0.000000000000e+00 0.000000000000e+00 
7.435787395364e-01 1.716956945129e-01 5.474533657733e-01 -3.433745169617e-01 0.000000000000e+00 0.000000000000e+00 0.000000000000e+00 
7.323140096037e-01 1.750620527082e-01 5.698978160192e-01 -3.290683034514e-01 0.000000000000e+00 0.000000000000e+00 0.000000000000e+00 
7.311717155245e-01 1.755157074876e-01 5.722739132889e-01 -3.272380280637e-01 0.000000000000e+00 0.000000000000e+00 0.000000000000e+00 
7.311989210997e-01 1.756604970275e-01 5.723787441918e-01 -3.269160454369e-01 0.000000000000e+00 0.000000000000e+00 0.000000000000e+00 
7.312342682930e-01 1.758259422836e-01 5.723063328834e-01 -3.268748143183e-01 0.000000000000e+00 0.000000000000e+00 0.000000000000e+00 
7.312272659680e-01 1.760084168267e-01 5.722737816750e-01 -3.268492642161e-01 0.000000000000e+00 0.000000000000e+00 0.000000000000e+00 
7.312208966684e-01 1.761897445104e-01 5.722472398926e-01 -3.268122865501e-01 0.000000000000e+00 0.000000000000e+00 0.000000000000e+00 
7.312162203171e-01 1.763704365585e-01 5.722190812691e-01 -3.267745878812e-01 0.000000000000e+00 0.000000000000e+00 0.000000000000e+00 
7.312114588378e-01 1.765512503127e-01 5.721907010660e-01 -3.267372952249e-01 0.000000000000e+00 0.000000000000e+00 0.000000000000e+00 
7.312065541725e-01 1.767321701880e-01 5.721624192675e-01 -3.266999864307e-01 0.000000000000e+00 0.000000000000e+00 0.000000000000e+00 
7.312015906183e-01 1.769131532585e-01 5.721341698090e-01 -3.266626116016e-01 0.000000000000e+00 0.000000000000e+00 0.000000000000e+00 
7.311965631023e-01 1.770942094137e-01 5.721059421774e-01 -3.266251950246e-01 0.000000000000e+00 0.000000000000e+00 0.000000000000e+00 
7.311914707550e-01 1.772753371989e-01 5.720777406369e-01 -3.265877318331e-01 0.000000000000e+00 0.000000000000e+00 0.000000000000e+00 
7.311863134838e-01 1.774565374165e-01 5.720495646961e-01 -3.265502225280e-01 0.000000000000e+00 0.000000000000e+00 0.000000000000e+00 
7.311810911702e-01 1.776378100212e-01 5.720214144770e-01 -3.265126670526e-01 0.000000000000e+00 0.000000000000e+00 0.000000000000e+00 
7.311758037587e-01 1.778191550608e-01 5.719932899840e-01 -3.264750653643e-01 0.000000000000e+00 0.000000000000e+00 0.000000000000e+00 
7.311704511808e-01 1.780005725699e-01 5.719651912302e-01 -3.264374174415e-01 0.000000000000e+00 0.000000000000e+00 0.000000000000e+00 
7.311650333710e-01 1.781820625828e-01 5.719371182297e-01 -3.263997232542e-01 0.000000000000e+00 0.000000000000e+00 0.000000000000e+00 
7.311595502632e-01 1.783636251343e-01 5.719090709957e-01 -3.263619827747e-01 0.000000000000e+00 0.000000000000e+00 0.000000000000e+00 
7.311540017914e-01 1.785452602590e-01 5.718810495417e-01 -3.263241959749e-01 0.000000000000e+00 0.000000000000e+00 0.000000000000e+00 
7.311483878892e-01 1.787269679915e-01 5.718530538810e-01 -3.262863628267e-01 0.000000000000e+00 0.000000000000e+00 0.000000000000e+00 
7.311427084904e-01 1.789087483664e-01 5.718250840271e-01 -3.262484833018e-01 0.000000000000e+00 0.000000000000e+00 0.000000000000e+00 
7.311369635288e-01 1.790906014183e-01 5.717971399933e-01 -3.262105573721e-01 0.000000000000e+00 0.000000000000e+00 0.000000000000e+00 
7.311311529379e-01 1.792725271817e-01 5.717692217930e-01 -3.261725850095e-01 0.000000000000e+00 0.000000000000e+00 0.000000000000e+00 
7.311252766513e-01 1.794545256911e-01 5.717413294395e-01 -3.261345661859e-01 0.000000000000e+00 0.000000000000e+00 0.000000000000e+00 
