0.000000000000e+00 0.000000000000e+00 0.000000000000e+00 1.000000000000e+00 0.000000000000e+00 0.000000000000e+00 0.000000000000e+00 
0.000000000000e+00 8.726535498374e-03 0.000000000000e+00 9.999619230642e-01 0.000000000000e+00 0.000000000000e+00 0.000000000000e+00 
0.000000000000e+00 1.745240643728e-02 0.000000000000e+00 9.998476951564e-01 0.000000000000e+00 0.000000000000e+00 0.000000000000e+00 
0.000000000000e+00 2.617694830787e-02 0.000000000000e+00 9.996573249756e-01 0.000000000000e+00 0.000000000000e+00 0.000000000000e+00 
0.000000000000e+00 3.489949670250e-02 0.000000000000e+00 9.993908270191e-01 0.000000000000e+00 0.000000000000e+00 0.000000000000e+00 
0.000000000000e+00 4.361938736534e-02 0.000000000000e+00 9.990482215819e-01 0.000000000000e+00 0.000000000000e+00 0.000000000000e+00 
0.000000000000e+00 5.233595624294e-02 0.000000000000e+00 9.986295347546e-01 0.000000000000e+00 0.000000000000e+00 0.000000000000e+00 
0.000000000000e+00 6.104853953486e-02 0.000000000000e+00 9.981347984219e-01 0.000000000000e+00 0.000000000000e+00 0.000000000000e+00 
0.000000000000e+00 6.975647374413e-02 0.000000000000e+00 9.975640502598e-01 0.000000000000e+00 0.000000000000e+00 0.000000000000e+00 
0.000000000000e+00 7.845909572785e-02 0.000000000000e+00 9.969173337331e-01 0.000000000000e+00 0.000000000000e+00 0.000000000000e+00 
0.000000000000e+00 8.715574274766e-02 0.000000000000e+00 9.961946980917e-01 0.000000000000e+00 0.000000000000e+00 0.000000000000e+00 
0.000000000000e+00 9.584575252022e-02 0.000000000000e+00 9.953961983672e-01 0.000000000000e+00 0.000000000000e+00 0.000000000000e+00 
0.000000000000e+00 1.045284632677e-01 0.000000000000e+00 9.945218953683e-01 0.000000000000e+00 0.000000000000e+00 0.000000000000e+00 
0.000000000000e+00 1.132032137679e-01 0.000000000000e+00 9.935718556766e-01 0.000000000000e+00 0.000000000000e+00 0.000000000000e+00 
0.000000000000e+00 1.218693434051e-01 0.000000000000e+00 9.925461516413e-01 0.000000000000e+00 0.000000000000e+00 0.000000000000e+00 
0.000000000000e+00 1.305261922201e-01 0.000000000000e+00 9.914448613738e-01 0.000000000000e+00 0.000000000000e+00 0.000000000000e+00 
0.000000000000e+00 1.391731009601e-01 0.000000000000e+00 9.902680687416e-01 0.000000000000e+00 0.000000000000e+00 0.000000000000e+00 
0.000000000000e+00 1.478094111296e-01 0.000000000000e+00 9.890158633619e-01 0.000000000000e+00 0.000000000000e+00 0.000000000000e+00 
0.000000000000e+00 1.564344650402e-01 0.000000000000e+00 9.876883405951e-01 0.000000000000e+00 0.000000000000e+00 0.000000000000e+00 
0.000000000000e+00 1.650476058607e-01 0.000000000000e+00 9.862856015372e-01 0.000000000000e+00 0.000000000000e+00 0.000000000000e+00 
0.000000000000e+00 1.736481776669e-01 0.000000000000e+00 9.848077530122e-01 0.000000000000e+00 0.000000000000e+00 0.000000000000e+00 
0.000000000000e+00 1.822355254921e-01 0.000000000000e+00 9.832549075640e-01 0.000000000000e+00 0.000000000000e+00 0.000000000000e+00 
0.000000000000e+00 1.908089953765e-01 0.000000000000e+00 9.816271834477e-01 0.000000000000e+00 0.000000000000e+00 0.000000000000e+00 
0.000000000000e+00 1.993679344172e-01 0.000000000000e+00 9.799247046208e-01 0.000000000000e+00 0.000000000000e+00 0.000000000000e+00 
0.000000000000e+00 2.079116908178e-01 0.000000000000e+00 9.781476007338e-01 0.000000000000e+00 0.000000000000e+00 0.000000000000e+00 
0.000000000000e+00 2.164396139381e-01 0.000000000000e+00 9.762960071199e-01 0.000000000000e+00 0.000000000000e+00 0.000000000000e+00 
0.000000000000e+00 2.249510543439e-01 0.000000000000e+00 9.743700647852e-01 0.000000000000e+00 0.000000000000e+00 0.000000000000e+00 
0.000000000000e+00 2.334453638559e-01 0.000000000000e+00 9.723699203977e-01 0.000000000000e+00 0.000000000000e+00 0.000000000000e+00 
0.000000000000e+00 2.419218955997e-01 0.000000000000e+00 9.702957262760e-01 0.000000000000e+00 0.000000000000e+00 0.000000000000e+00 
0.000000000000e+00 2.503800040544e-01 0.000000000000e+00 9.681476403781e-01 0.000000000000e+00 0.000000000000e+00 0.000000000000e+00 
0.000000000000e+00 2.588190451025e-01 0.000000000000e+00 9.659258262891e-01 0.000000000000e+00 0.000000000000e+00 0.000000000000e+00 
0.000000000000e+00 2.672383760783e-01 0.000000000000e+00 9.636304532086e-01 0.000000000000e+00 0.000000000000e+00 0.000000000000e+00 
0.000000000000e+00 2.756373558170e-01 0.000000000000e+00 9.612616959383e-01 0.000000000000e+00 0.000000000000e+00 0.000000000000e+00 
0.000000000000e+00 2.840153447039e-01 0.000000000000e+00 9.588197348682e-01 0.000000000000e+00 0.000000000000e+00 0.000000000000e+00 
0.000000000000e+00 2.923717047227e-01 0.000000000000e+00 9.563047559630e-01 0.000000000000e+00 0.000000000000e+00 0.000000000000e+00 
0.000000000000e+00 3.007057995043e-01 0.000000000000e+00 9.537169507482e-01 0.000000000000e+00 0.000000000000e+00 0.000000000000e+00 
0.000000000000e+00 3.090169943749e-01 0.000000000000e+00 9.510565162952e-01 0.000000000000e+00 0.000000000000e+00 0.000000000000e+00 
