0.000000000000e+00 0.000000000000e+00 0.000000000000e+00 1.000000000000e+00 0.000000000000e+00 0.000000000000e+00 0.000000000000e+00 0.000000000000e+00 0.000000000000e+00 0.000000000000e+00 -2.500000000000e-01 
0.000000000000e+00 0.000000000000e+00 0.000000000000e+00 1.000000000000e+00 0.000000000000e+00 0.000000000000e+00 0.000000000000e+00 0.000000000000e+00 0.000000000000e+00 0.000000000000e+00 -2.500000000000e-01 
0.000000000000e+00 0.000000000000e+00 0.000000000000e+00 1.000000000000e+00 0.000000000000e+00 0.000000000000e+00 0.000000000000e+00 0.000000000000e+00 0.000000000000e+00 0.000000000000e+00 -2.500000000000e-01 
0.000000000000e+00 0.000000000000e+00 0.000000000000e+00 1.000000000000e+00 0.000000000000e+00 0.000000000000e+00 0.000000000000e+00 0.000000000000e+00 0.000000000000e+00 0.000000000000e+00 -2.500000000000e-01 
0.000000000000e+00 0.000000000000e+00 0.000000000000e+00 1.000000000000e+00 0.000000000000e+00 0.000000000000e+00 0.000000000000e+00 0.000000000000e+00 0.000000000000e+00 0.000000000000e+00 -2.500000000000e-01 
0.000000000000e+00 0.000000000000e+00 0.000000000000e+00 1.000000000000e+00 0.000000000000e+00 0.000000000000e+00 0.000000000000e+00 0.000000000000e+00 0.000000000000e+00 0.000000000000e+00 -2.500000000000e-01 
0.000000000000e+00 0.000000000000e+00 0.000000000000e+00 1.000000000000e+00 0.000000000000e+00 0.000000000000e+00 0.000000000000e+00 0.000000000000e+00 0.000000000000e+00 0.000000000000e+00 -2.500000000000e-01 
0.000000000000e+00 0.000000000000e+00 0.000000000000e+00 1.000000000000e+00 0.000000000000e+00 0.000000000000e+00 0.000000000000e+00 0.000000000000e+00 0.000000000000e+00 0.000000000000e+00 -2.500000000000e-01 
0.000000000000e+00 0.000000000000e+00 0.000000000000e+00 1.000000000000e+00 0.000000000000e+00 0.000000000000e+00 0.000000000000e+00 0.000000000000e+00 0.000000000000e+00 0.000000000000e+00 -2.500000000000e-01 
0.000000000000e+00 0.000000000000e+00 0.000000000000e+00 1.000000000000e+00 0.000000000000e+00 0.000000000000e+00 0.000000000000e+00 0.000000000000e+00 0.000000000000e+00 0.000000000000e+00 -2.500000000000e-01 
0.000000000000e+00 0.000000000000e+00 0.000000000000e+00 1.000000000000e+00 0.000000000000e+00 0.000000000000e+00 0.000000000000e+00 0.000000000000e+00 0.000000000000e+00 0.000000000000e+00 -2.500000000000e-01 
0.000000000000e+00 0.000000000000e+00 0.000000000000e+00 1.000000000000e+00 0.000000000000e+00 0.000000000000e+00 0.000000000000e+00 0.000000000000e+00 0.000000000000e+00 0.000000000000e+00 -2.500000000000e-01 
0.000000000000e+00 0.000000000000e+00 0.000000000000e+00 1.000000000000e+00 0.000000000000e+00 0.000000000000e+00 0.000000000000e+00 0.000000000000e+00 0.000000000000e+00 0.000000000000e+00 -2.500000000000e-01 
0.000000000000e+00 0.000000000000e+00 0.000000000000e+00 1.000000000000e+00 0.000000000000e+00 0.000000000000e+00 0.000000000000e+00 0.000000000000e+00 0.000000000000e+00 0.000000000000e+00 -2.500000000000e-01 
0.000000000000e+00 0.000000000000e+00 0.000000000000e+00 1.000000000000e+00 0.000000000000e+00 0.000000000000e+00 0.000000000000e+00 0.000000000000e+00 0.000000000000e+00 0.000000000000e+00 -2.500000000000e-01 
0.000000000000e+00 0.000000000000e+00 0.000000000000e+00 1.000000000000e+00 0.000000000000e+00 0.000000000000e+00 0.000000000000e+00 0.000000000000e+00 0.000000000000e+00 0.000000000000e+00 -2.500000000000e-01 
0.000000000000e+00 0.000000000000e+00 0.000000000000e+00 1.000000000000e+00 0.000000000000e+00 0.000000000000e+00 0.000000000000e+00 0.000000000000e+00 0.000000000000e+00 0.000000000000e+00 -2.500000000000e-01 
0.000000000000e+00 0.000000000000e+00 0.000000000000e+00 1.000000000000e+00 0.000000000000e+00 0.000000000000e+00 0.000000000000e+00 0.000000000000e+00 0.000000000000e+00 0.000000000000e+00 -2.500000000000e-01 
0.000000000000e+00 0.000000000000e+00 0.000000000000e+00 1.000000000000e+00 0.000000000000e+00 0.000000000000e+00 0.000000000000e+00 0.000000000000e+00 0.000000000000e+00 0.000000000000e+00 -2.500000000000e-01 
0.000000000000e+00 0.000000000000e+00 0.000000000000e+00 1.000000000000e+00 0.000000000000e+00 0.000000000000e+00 0.000000000000e+00 0.000000000000e+00 0.000000000000e+00 0.000000000000e+00 -2.500000000000e-01 
0.000000000000e+00 0.000000000000e+00 0.000000000000e+00 1.000000000000e+00 0.000000000000e+00 0.000000000000e+00 0.000000000000e+00 0.000000000000e+00 0.000000000000e+00 0.000000000000e+00 -2.500000000000e-01 
3.235459325893e-03 -1.025732061241e-01 1.192772202105e-01 9.875430187730e-01 1.704965752283e-01 1.332799757773e-01 1.726111659039e-01 2.622305534968e-02 5.045476851325e-02 7.714901082184e-03 -2.447341345942e-01 
-1.075568246277e-01 -2.774986370562e-01 3.940681106117e-01 8.695610157470e-01 2.482611262992e-01 2.010874969925e-01 5.131748010908e-02 5.180615620169e-04 1.418433556857e-01 7.913070964134e-03 -2.057130179540e-01 
-2.968520857343e-01 -4.811656752689e-01 4.656380615693e-01 6.808374459122e-01 6.361785574587e-02 2.889719111181e-02 -1.441681581135e-02 -3.494353024690e-03 2.329106195924e-01 1.097051823041e-02 -9.017921606913e-02 
-2.751852358912e-01 -4.520978229980e-01 4.475910916905e-01 7.207932151646e-01 -4.044092719038e-02 -6.742487092025e-02 1.846796295799e-02 -1.085976148275e-02 2.245197517786e-01 2.001653601332e-03 -1.099403221940e-01 
-2.622925374743e-01 -4.400794676961e-01 4.467380395514e-01 7.334560729283e-01 1.508554738631e-02 -1.138142258084e-02 1.354696563551e-02 -1.427810410814e-02 2.199775060665e-01 2.110092075538e-03 -1.187663434488e-01 
-2.622809729609e-01 -4.412563719414e-01 4.473036764062e-01 7.324076231971e-01 1.406459032902e-02 -1.243399075994e-02 1.412824099507e-02 -1.365525345701e-02 2.202493870255e-01 2.639506695461e-03 -1.182507527219e-01 
-2.620404803308e-01 -4.420278153153e-01 4.480071900570e-01 7.315980828384e-01 1.408655999581e-02 -1.240103444333e-02 1.409826646303e-02 -1.368905332080e-02 2.203913607601e-01 3.161663215184e-03 -1.179730985778e-01 
-2.618025362819e-01 -4.428173197426e-01 4.487120488248e-01 7.307733920798e-01 1.408954658906e-02 -1.238987907768e-02 1.410215743427e-02 -1.368661562175e-02 2.205365336313e-01 3.689569651509e-03 -1.176861266662e-01 
-2.615615156587e-01 -4.436123565273e-01 4.494236623684e-01 7.299397388594e-01 1.408282914747e-02 -1.238538407504e-02 1.409839304749e-02 -1.369432879594e-02 2.206811109901e-01 4.222872753404e-03 -1.173968253313e-01 
-2.613172765108e-01 -4.444149234768e-01 4.501404178632e-01 7.290968803897e-01 1.408809623820e-02 -1.237006233841e-02 1.411020230711e-02 -1.368675919766e-02 2.208255011745e-01 4.761754131259e-03 -1.171043283940e-01 
-2.610705683391e-01 -4.452246659838e-01 4.508635746460e-01 7.282439098298e-01 1.408894858885e-02 -1.235948332654e-02 1.411116830773e-02 -1.368858857560e-02 2.209696805925e-01 5.306266498668e-03 -1.168085775734e-01 
-2.608210628975e-01 -4.460414290704e-01 4.515932158065e-01 7.273809071865e-01 1.408968109957e-02 -1.234979281414e-02 1.411038174314e-02 -1.369113496945e-02 2.211135209320e-01 5.856510996565e-03 -1.165097083509e-01 
-2.605683610399e-01 -4.468648161776e-01 4.523292431923e-01 7.265082387975e-01 1.408983450222e-02 -1.234013283002e-02 1.410678572825e-02 -1.369762048656e-02 2.212568300654e-01 6.412481522703e-03 -1.162079826438e-01 
-2.603127100197e-01 -4.476957220186e-01 4.530716183455e-01 7.256252077611e-01 1.408863527634e-02 -1.233117171164e-02 1.410726831762e-02 -1.369999104568e-02 2.213998010540e-01 6.974380505213e-03 -1.159029167442e-01 
-2.600537183846e-01 -4.485340703226e-01 4.538199258391e-01 7.247321755142e-01 1.409398295346e-02 -1.231630121954e-02 1.410738084185e-02 -1.370259216002e-02 2.215423158843e-01 7.542200727334e-03 -1.155946256571e-01 
-2.597918492418e-01 -4.493797003883e-01 4.545752056377e-01 7.238283376367e-01 1.409257660717e-02 -1.230800744975e-02 1.410521139614e-02 -1.370740378531e-02 2.216843473959e-01 8.116083672560e-03 -1.152830399732e-01 
