4.989135211102e-01 3.006466298361e-01 6.988104321176e-02 8.098231549056e-01 0.000000000000e+00 0.000000000000e+00 0.000000000000e+00 
3.872525864934e-01 3.521931043696e-01 -5.904774649148e-02 8.500051853506e-01 0.000000000000e+00 0.000000000000e+00 0.000000000000e+00 
9.217055497365e-02 5.245184114768e-01 -3.645349587941e-01 7.638712513471e-01 0.000000000000e+00 0.000000000000e+00 0.000000000000e+00 
-1.388608138260e-01 6.244279984152e-01 -5.447245403424e-01 5.422937620217e-01 0.000000000000e+00 0.000000000000e+00 0.000000000000e+00 
-2.316183250860e-01 6.002576456777e-01 -6.512503663396e-01 4.023887058956e-01 0.000000000000e+00 0.000000000000e+00 0.000000000000e+00 
-2.438178801744e-01 5.405126228695e-01 -7.260694304764e-01 3.481696827032e-01 0.000000000000e+00 0.000000000000e+00 0.000000000000e+00 
-2.590950255008e-01 5.129894328147e-01 -7.452847952112e-01 3.380268977585e-01 0.000000000000e+00 0.000000000000e+00 0.000000000000e+00 
-2.862216696170e-01 5.194122006978e-01 -7.274247040117e-01 3.451686857197e-01 0.000000000000e+00 0.000000000000e+00 0.000000000000e+00 
-3.160096861593e-01 5.384607283316e-01 -6.947284526348e-01 3.571418477269e-01 0.000000000000e+00 0.000000000000e+00 0.000000000000e+00 
-3.431600281514e-01 5.584387196076e-01 -6.591273149859e-01 3.686984867906e-01 0.000000000000e+00 0.000000000000e+00 0.000000000000e+00 
-3.678046851824e-01 5.783229830741e-01 -6.219884660687e-01 3.786721390380e-01 0.000000000000e+00 0.000000000000e+00 0.000000000000e+00 
-3.911195956743e-01 5.974288483519e-01 -5.832742631546e-01 3.871632304055e-01 0.000000000000e+00 0.000000000000e+00 0.000000000000e+00 
-4.135712546934e-01 6.153347154288e-01 -5.430295400925e-01 3.942599699011e-01 0.000000000000e+00 0.000000000000e+00 0.000000000000e+00 
-4.352836914465e-01 6.318174476924e-01 -5.013343375449e-01 3.999983784349e-01 0.000000000000e+00 0.000000000000e+00 0.000000000000e+00 
-4.562559136507e-01 6.467532548026e-01 -4.582805518006e-01 4.043756972202e-01 0.000000000000e+00 0.000000000000e+00 0.000000000000e+00 
-4.764415289480e-01 6.600643904036e-01 -4.139672479712e-01 4.073691048938e-01 0.000000000000e+00 0.000000000000e+00 0.000000000000e+00 
-4.957399522845e-01 6.717252543643e-01 -3.685103809529e-01 4.089342019056e-01 0.000000000000e+00 0.000000000000e+00 0.000000000000e+00 
-5.115098890385e-01 6.793388593151e-01 -3.309284650956e-01 4.090754192442e-01 0.000000000000e+00 0.000000000000e+00 0.000000000000e+00 
-5.182468654289e-01 6.774393569385e-01 -3.222189118181e-01 4.106958448908e-01 0.000000000000e+00 0.000000000000e+00 0.000000000000e+00 
-5.097955049061e-01 6.640482135648e-01 -3.550383928236e-01 4.160483780285e-01 0.000000000000e+00 0.000000000000e+00 0.000000000000e+00 
-4.755152777549e-01 6.285059034708e-01 -4.449740471412e-01 4.252806688468e-01 0.000000000000e+00 0.000000000000e+00 0.000000000000e+00 
-4.452362745288e-01 5.864724022760e-01 -5.219819177158e-01 4.305225415585e-01 0.000000000000e+00 0.000000000000e+00 0.000000000000e+00 
-4.326071138933e-01 5.557885351954e-01 -5.587230453711e-01 4.379255047671e-01 0.000000000000e+00 0.000000000000e+00 0.000000000000e+00 
-4.304152602595e-01 5.329946317439e-01 -5.751141372791e-01 4.471053068011e-01 0.000000000000e+00 0.000000000000e+00 0.000000000000e+00 
-4.317961731347e-01 5.118997117261e-01 -5.847475350896e-01 4.578002514281e-01 0.000000000000e+00 0.000000000000e+00 0.000000000000e+00 
-4.338328451954e-01 4.922893898167e-01 -5.914243862587e-01 4.686762362678e-01 0.000000000000e+00 0.000000000000e+00 0.000000000000e+00 
-4.359885539336e-01 4.724081540925e-01 -5.970157314057e-01 4.799132559535e-01 0.000000000000e+00 0.000000000000e+00 0.000000000000e+00 
-4.380246592271e-01 4.550155821042e-01 -6.007788225822e-01 4.900612454460e-01 0.000000000000e+00 0.000000000000e+00 0.000000000000e+00 
-4.399832192909e-01 4.376677660059e-01 -6.039587185965e-01 5.000955504432e-01 0.000000000000e+00 0.000000000000e+00 0.000000000000e+00 
-4.417251061275e-01 4.236559866186e-01 -6.055532863959e-01 5.086253561847e-01 0.000000000000e+00 0.000000000000e+00 0.000000000000e+00 
-4.434423708187e-01 4.096996567985e-01 -6.068025599863e-01 5.170064875569e-01 0.000000000000e+00 0.000000000000e+00 0.000000000000e+00 
-4.447591337941e-01 3.979087809078e-01 -6.072372982274e-01 5.245195693438e-01 0.000000000000e+00 0.000000000000e+00 0.000000000000e+00 
-4.465715124093e-01 3.881707230721e-01 -6.066356476276e-01 5.309336729589e-01 0.000000000000e+00 0.000000000000e+00 0.000000000000e+00 
-4.488606192540e-01 3.843885167453e-01 -6.039323946316e-01 5.348226578894e-01 0.000000000000e+00 0.000000000000e+00 0.000000000000e+00 
-4.525947591593e-01 3.928634751477e-01 -5.971043016734e-01 5.331817014861e-01 0.000000000000e+00 0.000000000000e+00 0.000000000000e+00 
-4.566753118036e-01 4.118726943179e-01 -5.867826158551e-01 5.267776618220e-01 0.000000000000e+00 0.000000000000e+00 0.000000000000e+00 
-4.616132635871e-01 4.379317750486e-01 -5.730961712987e-01 5.164201135955e-01 0.000000000000e+00 0.000000000000e+00 0.000000000000e+00 
